1	2285	1079	1.6885987533e-08
2	2828	1079	2.88188324322e-08
3	1565	1079	8.66987192047e-27
4	935	1079	1.23693813023e-16
5	372	1079	3.02492142305e-13
6	1621	1079	0.0208176058691
7	298	1079	0.0185716647051
8	148	1079	0.00318279491029
9	1518	1079	1.04605634215e-45
10	821	1079	1.77728754829e-06
11	2916	1079	6.61742262645e-07
12	2416	1079	0.00812501026303
13	1649	1079	0.00221489377553
14	312	1079	4.58412231268e-67
15	1308	1079	0.0287235141413
16	489	1079	5.11290350692e-23
17	624	1079	0.0253038025109
18	2285	274	0.000473367018481
19	2285	1869	0.00177214539934
20	26	1869	4.61901797178e-07
21	2285	528	0.00670145247656
22	1589	528	0.0179234831444
23	2285	486	0.00101948832951
24	619	486	0.0139844733094
25	367	486	0.04337277136
26	2924	486	1.58503839675e-18
27	1461	717	0.0405407343679
28	2472	6	0.0427139265196
29	1929	1051	0.0302799265436
30	514	1727	6.26747955587e-14
31	514	1312	3.90065590251e-21
32	514	2277	0.00167058871466
33	1537	938	0.00056129446351
34	1537	907	0.00232318659714
35	1537	2046	0.00842414125224
36	1537	1187	0.000357629386788
37	828	2901	0.00146529295819
38	828	953	0.000198005951045
39	1731	953	0.00170914667897
40	2153	953	4.66540644805e-07
41	1710	2212	4.1180749584e-05
42	1710	336	0.000241509159518
43	56	336	0.0305758297334
44	1701	336	0.00213732595332
45	2728	336	1.44392053213e-11
46	1710	2587	0.000180588583064
47	1710	1333	1.23595568464e-108
48	935	1333	2.8711695589e-05
49	156	1333	1.28873740045e-12
50	821	1333	5.16642097387e-09
51	337	1333	1.30652414517e-05
52	2825	2440	5.68219388833e-46
53	2529	2440	0.00286221429631
54	130	2440	0.000260030030755
55	1668	2440	0.00881970290047
56	29	2440	0.0273591299117
57	2993	2440	3.11269614121e-05
58	2618	2440	7.07085385649e-06
59	2177	2440	0.0316738953102
60	56	2440	0.000487119187626
61	846	2440	0.0155496009123
62	641	2440	4.49670919458e-12
63	2825	2199	2.33376732959e-07
64	935	2199	1.98986344525e-93
65	1249	2199	4.40951657708e-28
66	954	2199	1.93981871565e-17
67	68	2199	0.0221279390133
68	1267	2199	2.36829263165e-12
69	1518	2199	4.19514357746e-206
70	2469	2199	1.39042304688e-65
71	573	2199	2.34394001992e-07
72	1054	2199	2.85646838808e-40
73	2916	2199	3.34241589292e-29
74	2700	2199	2.4879591473e-14
75	650	2199	8.58167734864e-10
76	287	2199	9.09824671913e-173
77	1371	2199	0.00286586237028
78	2825	2689	1.03698351379e-77
79	831	2689	1.06348337813e-18
80	1393	2689	0.00431313229527
81	2170	2689	0.00655723949209
82	2761	2689	1.57903178791e-21
83	2825	1718	2.98798691591e-18
84	1621	1718	1.19574096215e-22
85	298	1718	4.40823629392e-39
86	846	1718	2.55772509994e-17
87	1393	1718	1.81189213913e-08
88	2870	1718	5.18550455671e-10
89	1338	1718	2.31216606082e-65
90	48	1718	2.76833687412e-09
91	1834	1718	2.05903661462e-26
92	2825	321	0.0016841009182
93	1815	321	3.98181729106e-08
94	1699	321	0.00568231226406
95	1484	3004	1.16401033307e-155
96	1969	930	0.0
97	483	1578	0.00346873772852
98	1071	2600	0.0211511080024
99	366	990	0.0495424031023
100	1549	990	0.00240939313701
101	1932	990	0.0170755356557
102	366	2248	7.36028578068e-08
103	2074	2248	5.72771873442e-08
104	1783	2248	0.0116200623781
105	1654	2248	0.00885731826482
106	1589	2248	3.60156399403e-05
107	366	1558	0.00834834723686
108	2574	1558	1.69902446862e-08
109	366	1874	5.40737859282e-07
110	1668	1874	0.0225886851578
111	1621	1874	0.0177092474591
112	298	1874	1.05864243668e-12
113	1544	1874	0.000348605927836
114	617	1874	0.0131987934271
115	366	1574	5.70818306447e-30
116	570	1574	0.000530469253171
117	1806	1574	0.00828659494451
118	366	144	0.00585666324791
119	864	144	0.0262687420872
120	366	194	2.19520416105e-18
121	366	1664	0.0336525146088
122	1143	1664	3.06590575601e-08
123	1783	1664	3.49656167809e-12
124	2680	1664	8.04931362514e-25
125	362	1664	0.0399923207409
126	366	2642	0.0062827453079
127	2831	2642	1.56728075608e-46
128	366	468	0.0239963380672
129	2553	2557	2.84087453801e-11
130	2554	2557	2.56255054602e-42
131	2553	2801	1.10913421365e-07
132	2553	1896	0.0342905999023
133	645	1896	1.01981864427e-07
134	2386	1896	4.34351507478e-79
135	2249	1896	0.0135931850765
136	2020	1896	0.0121399929625
137	2553	1315	0.00538955401232
138	2553	25	0.0105540863427
139	1874	25	0.000555275675342
140	2105	25	0.0200413909962
141	1607	25	6.60803483589e-10
142	1874	2285	9.83491384903e-07
143	148	2285	0.000242386311163
144	152	2285	0.031380980647
145	1649	2285	0.0085035170244
146	1874	814	0.000136195421512
147	1393	814	0.00520812930022
148	1874	1894	0.00311328473995
149	1300	1894	0.0
150	1874	2133	9.70329350117e-26
151	2529	2133	0.043928019647
152	1503	2133	1.69592832608e-25
153	1794	2133	6.05078584212e-11
154	1549	2133	0.00557695470643
155	2593	2133	0.00411037131499
156	90	2133	0.000389230822344
157	1874	501	2.85899629877e-13
158	935	501	0.000864727391328
159	29	501	0.000620900681452
160	1730	501	0.00011794904683
161	1691	501	0.00140647382403
162	1874	2149	0.0267629241666
163	1806	2149	0.0165532117639
164	1879	2149	0.00032138356115
165	666	2149	1.04485080548e-09
166	788	2149	0.0243345069277
167	1815	2149	0.00626931548859
168	1244	1855	0.000728003616288
169	356	1773	0.0165707837483
170	1064	1773	0.00117647204604
171	2702	1284	5.37835771867e-22
172	2529	1332	1.62094805612e-13
173	1105	1332	1.29982692095e-06
174	292	1332	0.0120444887709
175	153	1332	7.95036187634e-09
176	2469	1332	2.34162188097e-66
177	1695	1332	1.3227988635e-22
178	2529	2469	1.87111813753e-52
179	2022	2469	3.98228201525e-13
180	2763	2469	4.59619653622e-05
181	957	2469	1.43433083423e-137
182	2529	1385	0.00411149276172
183	1765	1385	1.08923573322e-05
184	2529	146	0.00580688727863
185	2529	1066	2.43907840004e-101
186	2529	579	7.25314899378e-45
187	1668	579	6.24871816745e-09
188	2529	790	4.64540699636e-21
189	1621	790	9.01547732739e-12
190	2022	790	1.65725611205e-06
191	1697	790	6.08773201135e-10
192	1691	790	0.000131115189136
193	954	790	0.000402833853988
194	1639	790	0.0317586362796
195	2529	619	0.000452051683457
196	1249	619	0.0107909219467
197	298	619	1.08178110259e-17
198	369	619	6.45123788586e-07
199	2529	956	0.000115116161038
200	957	956	6.5203892258e-100
201	2529	2076	4.89628492471e-06
202	2900	2076	0.0168507192934
203	501	2076	5.19596488225e-58
204	2529	148	1.0957225104e-06
205	265	148	1.05889374817e-18
206	788	148	0.045990813154
207	2529	2745	0.00223388874709
208	952	2745	2.62113268849e-10
209	2517	2745	0.0298773994455
210	2529	1818	0.0140889508661
211	1239	1818	6.15158893266e-05
212	2529	2842	0.000458491594494
213	1016	2842	0.0201352777002
214	2728	2842	1.5608300569e-06
215	1308	2842	8.25016592646e-15
216	2373	2879	7.28378823955e-15
217	1621	2879	0.0168787308271
218	2022	2879	8.02210485351e-20
219	952	2879	0.0112295543277
220	2228	2879	9.52664198622e-05
221	1660	2879	0.0126358707552
222	2373	2599	0.027342784741
223	156	2599	8.3859605163e-05
224	152	2599	3.97391850521e-47
225	1379	2599	0.0308599491065
226	2860	2599	9.24817490026e-09
227	2373	2977	0.000311668038332
228	570	2977	1.97504288865e-103
229	156	2977	4.4008181813e-06
230	153	2977	5.54280962253e-05
231	2390	2977	0.0273867731423
232	369	2977	2.33250361564e-23
233	2753	2977	1.1245303928e-10
234	2373	623	3.328557511e-09
235	1565	623	2.60174562205e-19
236	2860	623	4.95552812831e-07
237	2769	623	0.0221629741221
238	2704	623	0.00883445118928
239	2373	123	2.20794918591e-17
240	2373	2009	0.00173624097323
241	2373	362	4.54248429921e-06
242	370	362	3.50572299884e-14
243	820	362	1.24918164346e-64
244	2373	2456	0.00163501679978
245	1527	2456	8.59155625454e-13
246	846	2456	0.000426838844706
247	2433	2456	0.000765617102451
248	883	2456	5.55428709327e-44
249	349	2456	0.0240706474988
250	1319	2456	0.0386238675091
251	1493	1357	5.66184503587e-07
252	946	1357	0.0396436846281
253	149	1357	0.0148864772329
254	1493	538	4.24588602298e-107
255	1668	538	4.56639874847e-41
256	1621	538	4.09860533704e-87
257	265	538	5.7997532583e-66
258	298	538	4.95411909433e-24
259	254	538	0.00251190722775
260	1493	312	0.00356476886482
261	1092	312	1.15328140477e-13
262	551	312	6.46682631591e-12
263	1608	312	0.0199812571612
264	666	312	9.61754068109e-09
265	538	312	2.18466508754e-20
266	152	312	0.0119664800499
267	1561	312	4.5397612618e-20
268	2201	1584	0.000768342649463
269	952	1584	5.8198281834e-17
270	2881	2064	0.000199030899224
271	1662	2064	1.88805299085e-09
272	2881	2945	0.0141101214799
273	1203	2945	1.09691226104e-07
274	2881	213	0.028711618557
275	2772	213	0.0231503271186
276	2881	2015	6.30965677755e-09
277	156	2015	1.59886986827e-30
278	2175	2015	5.30371612991e-08
279	1695	2015	6.08821302084e-128
280	2881	2834	0.0169362841141
281	645	2834	0.000571042665676
282	521	2834	0.00205039362655
283	15	2834	0.00653638732501
284	1892	2834	4.23027287176e-15
285	2881	2481	4.79796578594e-05
286	1621	2481	1.83013483436e-18
287	1483	2481	1.73119473986e-39
288	2769	2481	8.25369314662e-05
289	136	2481	0.0258025710338
290	2881	2993	3.74078197627e-43
291	1105	2993	3.09842913174e-172
292	2241	2993	2.54023890411e-77
293	2881	2848	0.0045107914464
294	2945	2848	0.000511349217872
295	619	2848	5.64208843939e-20
296	2489	2848	0.000123363922166
297	1699	2848	7.14970364603e-13
298	790	2848	0.0190535972896
299	2860	2848	7.85965848745e-15
300	2770	2848	0.00413770607202
301	820	2848	1.14076554868e-05
302	3023	2848	1.8922421134e-06
303	2438	341	1.05926087446e-06
304	2438	1073	1.18934583231e-24
305	744	458	0.0464120873226
306	1974	458	1.37610009661e-05
307	244	458	0.000465216599317
308	744	242	6.28747864556e-122
309	244	242	5.32671286175e-90
310	581	242	0.0340198604461
311	1904	2603	3.56732488322e-11
312	1904	1212	4.92950022788e-15
313	1907	1212	7.77039559619e-22
314	883	1212	1.25797468651e-46
315	939	1212	7.91430775299e-27
316	2273	1212	1.46134143135e-11
317	1904	883	1.86271942966e-08
318	153	883	5.17267755407e-07
319	1660	883	0.0335663151212
320	1393	883	2.54501705272e-49
321	338	636	0.0133391212324
322	1337	636	0.00519998683773
323	1836	769	0.00708052933207
324	2204	769	1.22508189853e-55
325	2402	769	9.30919847999e-10
326	2828	563	2.31908204964e-15
327	1641	563	2.42634146193e-24
328	2828	1406	0.00192476357898
329	1092	1406	2.39331173955e-05
330	1806	1406	0.00023429523876
331	957	1406	0.00374000053384
332	1794	1406	3.27306524245e-17
333	1696	1406	0.0353009205914
334	1695	1406	0.0431405096897
335	2861	1406	0.0321265378925
336	2050	1488	0.00185715808726
337	2433	1488	0.0278531485013
338	1589	1488	1.83290500611e-07
339	2050	696	7.21505379418e-06
340	2050	1565	0.00835770351953
341	551	1565	1.20953890676e-12
342	153	1565	0.000496275069589
343	821	1565	0.00314243820472
344	337	1565	2.39999942938e-101
345	956	1565	9.81863530251e-07
346	826	1565	2.59163839433e-08
347	2050	1206	0.00342559735896
348	2050	645	0.00262325003203
349	2993	645	0.00954360554917
350	2433	645	1.45967019895e-95
351	1441	645	0.00298005353982
352	2204	645	0.000130052802421
353	1549	645	2.26970947507e-13
354	884	645	0.0102261783148
355	1308	645	0.000210932975603
356	472	645	0.00711108468722
357	2778	645	0.000589466929399
358	2698	645	0.0443095894644
359	570	3016	0.000441142763205
360	570	568	1.87291499873e-14
361	824	568	1.545409925e-35
362	570	368	0.00185110166918
363	570	1267	4.87170523899e-07
364	153	1267	8.27451803716e-05
365	298	1267	9.68875601714e-11
366	148	1267	7.78067014899e-28
367	2016	1267	3.38806812947e-08
368	904	2192	3.98719545569e-05
369	2574	2061	0.00806278936892
370	2294	630	0.020194374655
371	1856	325	0.0410406185841
372	2030	832	0.0013565577055
373	1565	1952	0.000356748973827
374	583	1952	3.93370441443e-10
375	1332	1952	0.0183898117825
376	2440	1952	0.00712649052229
377	909	1952	7.4878686083e-06
378	188	1952	0.000720545897173
379	1565	119	0.0174765161915
380	1565	1720	0.000350097727661
381	1502	1720	0.0334954202881
382	2848	1720	8.51392383476e-30
383	1497	1720	1.44576492119e-05
384	755	823	9.93267324362e-10
385	935	1308	0.00496994864457
386	68	1308	1.04379102229e-08
387	935	560	9.37511534022e-107
388	2349	560	1.5664174912e-18
389	935	1371	0.0467626683106
390	2993	1371	1.42472226921e-18
391	1691	1371	9.88714439485e-16
392	2228	1371	6.2020133161e-20
393	153	1371	7.78291106892e-46
394	2469	1371	0.000677681031263
395	846	1371	3.37286739075e-51
396	1338	1371	0.000720427475311
397	935	1203	0.000118160225223
398	292	1203	3.27688239916e-22
399	2469	1203	1.07751678823e-38
400	2769	1203	4.8008346673e-06
401	1332	1203	0.0126243777286
402	2761	1203	1.2035085738e-19
403	588	1203	2.78942207961e-06
404	683	2777	8.25049204027e-05
405	683	1225	1.75534145197e-13
406	1956	1714	1.75870017605e-05
407	152	1714	9.39970707546e-05
408	52	1714	7.77958760864e-29
409	2241	1714	0.00193852320198
410	156	1503	0.0144881271117
411	298	1503	4.64937229196e-129
412	1690	1503	0.0137609111223
413	2469	1503	1.66524493322e-14
414	619	1503	4.87442480166e-10
415	156	1836	0.0396972604164
416	821	1836	9.0633236843e-14
417	156	1252	6.30066232838e-31
418	1344	1252	1.342538906e-07
419	156	1496	0.0331085466212
420	372	1496	0.000114915683584
421	1031	1496	1.25570501286e-15
422	821	1496	0.00472468085874
423	1579	1496	2.98778216148e-20
424	156	1698	0.0390574930675
425	2074	1698	0.00046580802362
426	1173	1698	1.35118637396e-08
427	579	939	0.0133624106552
428	1907	939	0.0422776046126
429	149	939	5.77533284404e-10
430	1196	939	7.151044039e-08
431	579	1322	2.20189175501e-06
432	579	239	2.64094121125e-08
433	2993	239	2.05273940105e-09
434	1730	239	6.7815800772e-09
435	2469	239	5.68376567514e-11
436	1393	239	0.000209201840368
437	560	239	0.000100589906038
438	1062	227	5.58832866744e-12
439	1062	1453	5.81656459787e-05
440	1062	2406	5.23564044146e-06
441	1730	2406	2.51835428478e-09
442	1063	2406	0.0137419030754
443	1062	2480	0.0160959966968
444	1064	2480	2.30604027293e-10
445	1062	1330	0.00101055598092
446	603	1330	0.0114700467389
447	532	1795	0.0181718194111
448	1088	2826	0.0
449	372	1925	0.00320447074444
450	372	521	4.34330781597e-09
451	1696	521	0.00449475580872
452	291	521	0.0158315991788
453	2897	521	0.0184456452681
454	2793	521	0.043488034304
455	2330	521	0.00264914257328
456	372	1627	2.28809708956e-12
457	2700	1627	0.0309927428789
458	372	188	5.1819086429e-11
459	2570	188	0.0131733402718
460	372	2529	2.04633624429e-22
461	1668	2529	0.0
462	369	2529	9.62687341323e-29
463	2700	2529	3.39754504713e-07
464	372	952	1.55564312365e-15
465	1699	952	8.94577736789e-89
466	52	952	3.053148928e-31
467	372	1249	1.8439423805e-31
468	1660	1249	0.0
469	372	808	0.00155741107363
470	2632	808	0.00167396226459
471	372	2022	2.87056992446e-26
472	1730	2022	3.47603721625e-31
473	372	2625	0.0154058192045
474	1949	304	0.022242491083
475	130	2584	0.0346867212477
476	2177	2584	0.000131508611716
477	56	2584	0.0394428913366
478	130	2770	0.000317218863445
479	56	2770	0.00081057314887
480	130	2701	7.96241251497e-05
481	1544	2701	5.52420522338e-184
482	826	2701	0.0214684008292
483	130	2897	0.0292050397643
484	153	2897	0.000355365286139
485	1249	2897	8.57187572715e-22
486	146	2897	6.0358513775e-08
487	956	2897	6.09772947564e-32
488	2296	2897	1.89755813507e-12
489	130	819	0.0396736824348
490	2469	819	0.0224406029608
491	130	1497	2.03668002357e-15
492	923	1497	0.00913363254004
493	130	1148	2.74885617464e-06
494	2434	911	0.0
495	2536	2027	7.35778227861e-14
496	2658	2660	0.0
497	192	1848	0.0146783081539
498	1402	1848	2.42107706216e-21
499	1130	1811	0.000751279201297
500	1154	1811	0.0160298997858
501	203	2729	6.75438583331e-24
502	203	2586	0.0011130389715
503	2944	1298	0.000240133708467
504	2471	2310	0.0
505	576	1458	0.0282149487953
506	1276	1278	0.0
507	914	2838	0.0249692146899
508	2526	195	0.0020667175171
509	1566	465	3.46231127495e-09
510	749	107	0.00496301557833
511	52	107	0.0401170820031
512	947	107	0.00219075872698
513	749	1236	4.96315853283e-08
514	831	2680	5.06055349803e-08
515	369	2680	0.000122538230614
516	1639	2680	0.0295359746434
517	831	1832	0.0162136105809
518	831	1169	0.00080624729568
519	1907	1169	2.95280386639e-10
520	2336	1169	2.29625124975e-06
521	1639	1169	0.0386472151492
522	312	1169	1.84312160261e-05
523	2580	1169	3.12801931994e-34
524	1585	1169	0.0185085785776
525	1835	1169	0.000361909642446
526	831	1884	0.0259323003829
527	2479	1884	0.0310423992266
528	846	1884	0.0019564261083
529	831	2173	5.50904783182e-60
530	265	2173	6.74035371243e-06
531	788	2173	0.00720635198634
532	2000	2173	0.00439352906995
533	831	1904	4.36180200052e-15
534	831	2177	0.024273117269
535	1806	2177	0.0374431095962
536	68	2177	0.0439104961834
537	831	1445	1.61608705794e-07
538	30	1359	1.31642461867e-40
539	36	1359	1.12585581818e-05
540	2589	1359	2.52839719541e-18
541	411	1359	2.15014277202e-06
542	557	2074	0.0124263631007
543	557	617	0.0
544	557	1554	2.04602447206e-41
545	1503	745	0.000678747066309
546	1503	809	0.049929044171
547	337	809	1.00024396794e-06
548	1544	809	0.0
549	2860	809	0.0141953659643
550	215	809	6.0970258402e-10
551	1239	809	0.00602665702932
552	1503	884	1.37109855854e-21
553	298	884	0.00799908708845
554	2445	884	0.023892665619
555	2469	884	0.00136177747824
556	1668	1608	0.0132555976577
557	68	1608	0.0120874991562
558	1668	153	1.10335314835e-12
559	1621	153	1.49904017994e-15
560	1668	1483	1.62608225667e-11
561	1668	2228	3.98442926373e-62
562	1621	2228	1.99382320928e-68
563	1668	1834	0.0281022741487
564	1730	1834	4.06344071863e-05
565	2763	1834	8.15426476242e-84
566	1668	1196	0.0139802536576
567	1660	1196	0.00952588913671
568	846	1196	2.25597320989e-19
569	1668	977	0.048031602612
570	2707	977	4.06700238768e-08
571	265	977	0.0191751183072
572	1668	2205	1.07429259367e-30
573	56	2205	2.94974388766e-30
574	148	2205	0.000930092427155
575	1668	285	0.0349797569433
576	1016	940	5.98130427919e-06
577	1907	940	3.61497287881e-05
578	1016	1108	0.0100033781933
579	1016	1998	0.028950775747
580	1016	1948	9.27381207611e-08
581	2618	1948	1.22475533787e-11
582	1016	1504	2.7132633891e-18
583	270	996	0.00346905339426
584	240	996	3.65517613358e-05
585	2224	996	0.0140834734157
586	976	1849	0.00600815108464
587	1439	796	1.71343062714e-12
588	2993	2110	0.0230829105509
589	265	2110	0.00461687663849
590	2993	2996	8.4565890775e-177
591	1308	2996	1.84408309172e-118
592	2680	2996	0.0360378885152
593	2105	2996	7.10265096217e-08
594	2348	2857	0.0
595	176	2573	0.00201795331831
596	1533	709	0.0437646980551
597	2584	709	3.32624715678e-08
598	2603	709	1.14261292603e-05
599	180	709	0.000266612769805
600	1721	2582	0.0
601	856	306	0.0422561242504
602	23	306	0.00856378902954
603	1330	306	0.029483142618
604	310	487	5.01279150455e-13
605	1267	487	3.11969542184e-05
606	2715	487	0.000386364282612
607	2842	487	0.00103339199902
608	451	487	0.0249169985056
609	310	2521	3.21696651877e-15
610	1621	2521	2.65885447528e-53
611	1105	2521	4.14907456e-85
612	2753	2521	0.00493082755672
613	2000	2521	1.02361616437e-37
614	2700	2521	2.38692153864e-14
615	2870	2521	1.15842427684e-33
616	2170	2521	6.29906505724e-22
617	624	2521	2.71565188292e-12
618	2068	340	7.53536576696e-11
619	523	2001	0.0308133321868
620	523	1227	0.037752120478
621	1639	1227	0.0248695395199
622	1460	1227	0.00163364190946
623	3	1227	0.0196096446697
624	19	1227	8.12711110988e-10
625	523	2817	0.00254582161997
626	957	2817	1.73364220925e-54
627	2779	2817	2.23446797565e-19
628	619	2817	9.34116784679e-05
629	937	2817	0.00021858507467
630	2793	2817	0.00107979995953
631	583	2817	1.89066223126e-27
632	1834	2817	3.28506879811e-06
633	2977	411	1.14407692377e-09
634	825	411	6.53152959381e-39
635	2831	411	9.62816204214e-35
636	2517	411	0.0011996119285
637	2977	2765	0.0109269749496
638	2690	2765	0.00758115698974
639	2977	1961	4.88908742966e-09
640	1249	1961	2.27155216111e-46
641	957	1961	3.83634635964e-10
642	160	1961	2.41188210685e-12
643	1700	1961	1.26703339039e-16
644	1699	1961	1.1082795535e-12
645	1342	1961	0.0285723930899
646	1333	1961	0.0092786706951
647	224	1961	0.0388009442694
648	2126	1201	0.00217805795037
649	2126	1293	0.001484053624
650	2126	1609	2.39529731577e-22
651	2126	413	0.04393573637
652	2667	2671	5.71414897649e-08
653	1730	1678	0.0174505758966
654	1730	2913	5.0391351932e-32
655	1105	2913	3.46519103497e-37
656	957	2913	3.24439603302e-11
657	1695	2913	7.25824596075e-08
658	136	2913	5.24354819363e-19
659	1730	1654	4.51589876902e-37
660	1730	2564	1.9858068563e-62
661	2763	2564	1.05905068623e-22
662	369	2564	7.31628484547e-14
663	2433	2564	1.55591684134e-35
664	1338	2564	5.91179937997e-147
665	1730	2000	3.21589120797e-08
666	2022	2000	5.80703893885e-213
667	1730	959	2.79112628937e-64
668	1527	959	2.07164045964e-05
669	957	959	0.0153828772483
670	1700	959	8.55276042042e-07
671	2769	959	2.11848309882e-09
672	1338	959	0.0224203598173
673	1730	1062	0.000466302008701
674	1730	1561	4.28735910185e-26
675	1105	1561	7.33061165143e-32
676	1730	1319	0.000229098697454
677	2016	1319	7.20297948536e-08
678	2913	1319	0.00325651891115
679	1654	1319	3.00358542033e-07
680	1730	1879	0.00880914780424
681	1660	1879	0.0245657412565
682	244	1879	4.48373053924e-05
683	2105	1879	0.000451569267652
684	1730	1589	9.58507824176e-37
685	1022	1589	3.54049799731e-05
686	2716	2024	8.46599583156e-10
687	941	646	1.88383298165e-05
688	145	1491	1.63864037156e-05
689	145	2038	0.0464412500847
690	815	2038	0.0380343806896
691	1731	803	0.0237159561812
692	1731	2738	5.6083251506e-16
693	2739	2738	2.00424985322e-38
694	1731	2178	1.33582493909e-29
695	2646	2178	2.34873865358e-08
696	606	2887	0.00654032315344
697	606	1387	3.13947288447e-08
698	587	113	1.64598691851e-06
699	2361	113	0.0143140936753
700	587	1085	0.00735767225493
701	1296	1085	2.81782644214e-07
702	2654	1085	0.0163076792348
703	26	1085	0.000145541270643
704	2664	1085	0.0255793478752
705	1316	1085	0.0038152895626
706	1370	1372	7.45345806702e-11
707	940	835	0.00420554039143
708	940	2097	4.0063359982e-27
709	1151	2097	0.00611537328173
710	940	1465	0.00257255886124
711	940	2936	0.0236414456817
712	2135	2936	1.53905355763e-06
713	940	2595	0.00791934942113
714	940	1942	4.15646130874e-05
715	2410	1942	2.06287595673e-07
716	1150	1942	7.51936572706e-10
717	940	1550	5.25893140442e-12
718	1136	1550	0.00377842284154
719	2619	2138	0.0
720	2609	1651	4.6276064587e-05
721	1267	1651	0.0195060042013
722	788	1651	1.65138924418e-75
723	1407	1651	5.41134122771e-19
724	2609	1419	4.61936584309e-05
725	1698	1431	0.000353033068358
726	146	1431	1.66450194484e-13
727	2779	1431	1.43403021083e-05
728	821	1431	1.0843455789e-07
729	937	1431	1.4601519109e-05
730	2225	1431	0.000765897083316
731	1234	1431	0.001100110011
732	1698	2492	2.34179898841e-05
733	971	2492	0.0
734	1698	1719	0.00488808207434
735	825	1368	0.000149213668363
736	825	614	0.0355966188793
737	1740	614	1.31727424858e-13
738	121	614	1.1032349134e-18
739	1501	614	0.0181602695164
740	825	710	8.45159710075e-05
741	2759	710	0.01532534597
742	825	2714	2.92055457858e-11
743	1345	2714	1.44096749002e-05
744	825	365	5.43399264266e-70
745	2861	365	0.0037645154394
746	825	3018	6.66859979878e-06
747	825	2139	5.23507289194e-12
748	825	271	0.000134481735164
749	2302	271	0.000569498910856
750	825	849	9.02430289629e-17
751	1501	849	0.0211119463402
752	2082	38	0.0215949802551
753	2082	529	6.29213780258e-16
754	2082	96	6.1693128368e-06
755	2082	2663	0.0198493259916
756	2082	2622	5.60012912879e-09
757	658	2622	0.0284359285617
758	2082	1593	0.000464270058222
759	875	1593	0.0140529597456
760	2309	1273	2.55725181227e-06
761	1017	726	2.90789205967e-06
762	1464	1470	0.0169430420281
763	2385	2673	5.78140978049e-06
764	756	2673	0.0190199847205
765	987	2673	2.84036200247e-81
766	470	377	0.0182361969385
767	693	335	0.0372431963131
768	1072	335	0.00217120639999
769	2983	335	0.00264882593502
770	693	948	0.00410632188987
771	1072	948	7.88592625213e-05
772	693	1460	7.92176182771e-08
773	790	1460	0.000318932176879
774	693	2983	3.04218049663e-16
775	419	2774	0.0164183869317
776	2917	2920	0.000173287588392
777	2618	2995	0.000119943449792
778	1725	1742	3.44005098161e-05
779	2388	1709	0.0
780	1621	2728	1.49279774304e-10
781	292	2728	1.59768578293e-10
782	2469	2728	6.56699045457e-07
783	313	2728	0.00165603409433
784	1621	802	0.0233078853903
785	1621	1399	0.00123034978574
786	2469	1399	0.00292027724879
787	1699	1399	7.19130247889e-09
788	601	1399	0.00130905528557
789	1621	2373	1.36795566504e-05
790	1621	387	4.126961175e-07
791	2416	387	0.0269737461328
792	1707	387	0.0418666741912
793	312	387	1.84083330336e-22
794	2704	387	2.15528068554e-05
795	1308	387	3.49661321045e-17
796	2173	387	1.38865691081e-203
797	1621	2907	0.0144935293238
798	758	1996	0.00654576231366
799	1105	1815	0.0164450550798
800	1105	954	1.40085821605e-17
801	2228	954	8.04066786914e-17
802	1105	293	0.00308039306665
803	666	293	0.0159692677871
804	1105	531	0.00141900866955
805	720	1757	0.0498458089129
806	2153	2739	4.59955597285e-09
807	2707	2876	0.0412071087589
808	95	2876	0.00653123493655
809	756	1102	0.0294310829664
810	394	162	4.68203018539e-11
811	1907	758	0.0382422105753
812	1907	1072	6.82176354944e-06
813	2073	2572	0.047749859445
814	2022	875	0.0187566315815
815	2022	1054	0.00118818901496
816	1815	1054	1.57357900514e-20
817	2518	1054	8.91299337782e-11
818	1654	1054	1.00044531121e-07
819	1308	1054	9.35638082956e-13
820	1834	1054	6.64874791762e-22
821	2022	1649	0.0327212527024
822	2228	1649	0.0010329530805
823	68	1649	2.45351350577e-20
824	2394	2393	0.000141885872489
825	2656	2931	0.0
826	1931	1270	0.00379848292923
827	1385	1819	2.12384310598e-09
828	2074	1819	2.65488440639e-05
829	572	1819	0.0
830	1385	1150	2.69144357668e-11
831	1151	1150	1.64555332069e-66
832	2781	2200	1.37552010572e-35
833	63	2200	0.00983308066126
834	2361	4	1.17001329648e-05
835	2217	4	3.78608879468e-08
836	1527	774	2.49821391209e-10
837	771	584	0.032933365746
838	771	1263	0.012702222138
839	771	1234	3.93254002927e-06
840	957	1234	6.15376541458e-05
841	573	1234	0.00152770163334
842	771	2209	0.0423472937679
843	957	2209	3.03331197008e-07
844	1794	2209	0.00777331371299
845	1699	2209	0.0195692314806
846	1344	2209	5.85578990558e-30
847	1311	1313	9.28392162578e-11
848	1697	2518	0.000109550022941
849	56	2518	1.96648929428e-07
850	2469	2518	1.25758174486e-15
851	1699	2518	0.0128154331308
852	1697	1031	2.32118498661e-15
853	1697	2574	0.013759235634
854	1691	2574	6.53668226945e-08
855	152	2574	4.63448376659e-23
856	1815	2574	0.00230874143198
857	2860	2574	1.72331840145e-13
858	1697	202	3.69418828632e-06
859	1344	202	0.0244696984463
860	1697	2769	5.87166141667e-255
861	957	2769	2.30614130472e-179
862	1697	2653	7.85056700464e-13
863	954	2653	0.0043815498015
864	293	2653	1.85874110486e-11
865	2779	2653	0.0182189789954
866	645	2653	0.0
867	1699	2653	0.0311403716047
868	2793	2653	0.00560840860192
869	2386	2653	1.54446910793e-19
870	1251	2653	0.0486554660359
871	1697	367	0.018054309293
872	56	367	0.0255406352597
873	152	367	0.000152532247753
874	3010	367	4.04289407042e-136
875	1697	235	6.33860991045e-05
876	2916	235	2.53472348405e-18
877	1697	1338	2.11115399304e-213
878	2769	1338	1.51928459455e-112
879	1743	1192	0.00196706929327
880	1741	1192	0.0
881	2763	1174	0.000240560394557
882	1249	1174	2.57249154795e-14
883	2753	1174	2.72780025428e-06
884	956	1174	1.1430743519e-14
885	829	1174	9.13518543076e-24
886	2296	1174	0.0326027036674
887	2763	1957	4.81504452738e-07
888	2897	1957	3.68621535203e-26
889	285	1957	0.000265616386003
890	2763	2916	1.39979062149e-08
891	2753	2916	1.07783314952e-08
892	2349	2916	0.0358998516977
893	2769	2916	7.02922124603e-217
894	2763	2517	0.00909805385661
895	1172	583	0.0183951473113
896	790	583	1.55079008082e-11
897	1172	2483	0.000131540191416
898	1186	2483	0.0438434264382
899	2480	2483	8.95422634712e-16
900	1172	1705	7.60667678896e-08
901	56	1705	0.000738038477742
902	967	1705	5.87536630429e-11
903	1794	1705	1.47021505571e-07
904	2469	1705	4.51807869853e-12
905	809	1705	2.93653845208e-07
906	2996	1705	0.0137715303904
907	1186	246	0.0164249856271
908	1012	2590	0.0
909	417	1009	4.36114125641e-07
910	1869	1009	0.00629400438959
911	1441	1009	0.0369230582874
912	1549	1009	0.00824581610866
913	509	920	1.67316479444e-06
914	108	920	0.00585936379132
915	2990	920	9.41914859972e-05
916	739	920	1.50672677972e-68
917	292	2249	0.0066634763094
918	349	2249	3.03023952506e-37
919	292	489	8.09168645443e-24
920	2481	489	0.00669636285908
921	957	489	5.80633127458e-15
922	954	489	8.69821935015e-11
923	1608	489	1.142202257e-05
924	538	489	4.32974478903e-144
925	1700	489	3.74256396561e-05
926	2689	489	3.33644537358e-147
927	1639	489	0.0451903750724
928	2728	489	1.61800320967e-21
929	292	1626	0.000208097836165
930	292	2256	5.24998483568e-13
931	298	2256	2.33816038241e-08
932	2704	2256	0.0291737189327
933	292	2593	0.0353737617818
934	1203	2593	8.91402125326e-38
935	2433	2593	0.0404340588864
936	2655	2593	3.10574633133e-08
937	221	2593	0.0419388104861
938	480	2593	0.0105106132456
939	972	753	4.98424782422e-05
940	971	753	6.23580529541e-15
941	972	2759	0.000200924914756
942	1344	2759	2.6588307568e-05
943	1152	1153	4.27671893634e-49
944	2290	980	2.56118256697e-18
945	1049	980	6.42949130886e-28
946	2878	1951	0.0012743718499
947	952	2570	0.0
948	2730	2570	0.00509993278251
949	2228	991	3.27197575437e-21
950	1285	991	2.66529578089e-28
951	2228	1985	9.59463720443e-17
952	1295	1549	0.0237281587978
953	1295	230	0.00620333119856
954	1295	2014	0.0261992828222
955	264	2014	1.88132286903e-19
956	1295	169	0.0436870486321
957	501	169	0.0053542755352
958	1765	2778	0.0296695745227
959	1879	2778	0.00401923353478
960	788	2778	0.00696473792551
961	153	2558	1.72419524169e-24
962	2402	2558	0.0190696654292
963	153	149	0.0212653680395
964	566	149	2.58482234879e-07
965	153	2704	0.000238806532825
966	56	2704	1.01361864687e-15
967	2445	2704	2.24089157869e-16
968	788	2704	5.9486283894e-22
969	790	2704	0.00310386036395
970	1806	2972	0.00143120161213
971	1806	2002	0.00693869186076
972	1632	1215	0.00550514095241
973	119	1215	2.15980917232e-06
974	1971	1215	0.000482603788041
975	1421	1215	2.71331435377e-08
976	2276	2616	0.0473274750718
977	511	476	0.00486244476613
978	323	476	4.81168031278e-38
979	582	460	0.0358945721708
980	2144	460	0.00299999923562
981	2450	460	0.0116180079974
982	582	683	0.0106110190694
983	582	2772	5.73730442732e-08
984	1641	2219	0.00155427089943
985	1641	2040	1.20396187796e-09
986	1641	180	0.00035699220283
987	2336	180	3.89305959484e-07
988	2364	1892	5.96226576238e-13
989	1879	1892	0.00221597352819
990	788	1892	1.45238896239e-13
991	2793	1892	0.00558405158243
992	25	1892	1.8672663293e-45
993	1161	1604	0.00207587144334
994	1160	1604	8.56238316088e-06
995	2759	1155	0.00104972389229
996	2599	1155	0.00205771442456
997	853	1032	1.10867752215e-102
998	853	1973	5.4109878497e-05
999	2603	1973	2.38394622342e-21
1000	1224	1973	0.0400260967031
1001	853	1511	7.80046763136e-11
1002	853	2898	5.12421426566e-46
1003	2541	2183	5.37255626766e-79
1004	2602	2183	7.09622317509e-10
1005	2255	2313	0.000328676048056
1006	1908	2236	0.000482046590074
1007	1249	1690	1.2067400885e-98
1008	957	1690	8.50935287901e-49
1009	52	1690	1.19472439354e-22
1010	2730	1690	1.16124711436e-42
1011	1249	1956	7.41681672689e-17
1012	1690	1956	3.37321364217e-07
1013	1639	1956	0.00248055548928
1014	1249	1518	0.00547477546934
1015	954	1518	3.89328203789e-10
1016	924	1518	1.07970793692e-11
1017	1699	1518	4.89033117226e-07
1018	349	1518	3.24581276042e-05
1019	2518	1518	1.86502389307e-05
1020	2315	1518	0.00577722252037
1021	1516	401	0.0
1022	265	1940	0.000866067273317
1023	265	998	0.00641066936461
1024	1718	998	0.000554864205285
1025	265	1529	3.365076996e-16
1026	502	303	0.0386227404644
1027	1283	2042	0.0295950602649
1028	1569	2926	0.0324777564026
1029	957	2881	0.0
1030	2753	2881	6.27813809754e-84
1031	957	1700	0.0
1032	2700	1700	9.03992034378e-29
1033	957	2743	0.00194954659425
1034	619	2743	1.76173352441e-05
1035	2433	2743	0.00477343875435
1036	2700	2743	0.045765501192
1037	1695	2743	0.00327171338846
1038	822	186	0.00697449374198
1039	2756	186	0.000112502271687
1040	2567	1039	3.03894553214e-05
1041	2567	2833	0.0158071434946
1042	2093	2484	0.00052932004862
1043	78	2484	4.37594481523e-20
1044	2093	2519	1.28273024574e-14
1045	1937	2519	0.0199425420617
1046	1739	2268	8.6664816023e-07
1047	2501	1320	1.07123636979e-05
1048	3009	1320	0.0
1049	2251	438	3.19404811245e-09
1050	794	863	1.39178879991e-08
1051	1582	2813	1.18335145449e-05
1052	628	632	3.99870553532e-05
1053	815	20	0.0147777528728
1054	815	1159	6.933554593e-13
1055	896	1502	0.0116409972167
1056	1879	1502	7.43954366531e-14
1057	2209	1502	0.000531128833802
1058	202	1502	0.0486674311014
1059	79	2252	1.35846204177e-05
1060	79	915	0.00609065243929
1061	1254	915	2.35084014877e-15
1062	2535	915	5.37258611377e-05
1063	1847	2404	0.0220659072973
1064	2757	2158	0.0354870715289
1065	2787	2786	5.08006560047e-07
1066	2668	2234	0.00130038294648
1067	2668	138	0.0435162649752
1068	954	1692	0.00066167590234
1069	1696	1692	1.37128205927e-17
1070	954	2819	0.00180959969759
1071	954	2767	0.0058893837385
1072	573	2767	1.51487486441e-07
1073	244	2767	0.0216486301452
1074	1423	517	0.0214288854912
1075	1459	517	0.00246716955756
1076	334	1413	2.10501669028e-12
1077	1351	2562	0.0154970881728
1078	2912	2291	1.48729525329e-06
1079	2773	1397	1.00070030274e-69
1080	824	1397	0.00881663315952
1081	2793	1397	0.0100950770078
1082	2773	2304	0.0106979607129
1083	2773	2466	0.0103576940951
1084	293	2466	0.000265436315289
1085	1720	2466	5.27982263259e-07
1086	386	2466	0.00679877791417
1087	2773	2664	4.56119987316e-06
1088	264	2664	0.0273889348275
1089	2301	1086	0.0
1090	2301	496	2.68761177549e-05
1091	2193	496	0.0193211087782
1092	146	52	3.28660974204e-35
1093	146	1701	3.79617239465e-20
1094	369	1701	0.0152261932945
1095	956	1701	3.94763310443e-15
1096	2132	1391	6.5728001653e-10
1097	2628	389	0.00396016067734
1098	2390	2445	5.83755983601e-07
1099	2870	2445	0.00349011290795
1100	2390	1585	1.56368696067e-39
1101	846	1585	0.0286227143448
1102	68	2655	0.000619855759733
1103	2870	2655	0.00751440267046
1104	2730	2655	8.7248365066e-05
1105	2625	1613	0.0101408562592
1106	1502	1613	0.000119903969309
1107	2848	1613	7.62395460369e-06
1108	937	1613	0.00102097103304
1109	2177	1327	0.00101168487964
1110	2177	945	0.00074455024732
1111	754	2511	0.0106905003212
1112	754	762	0.000302902268553
1113	94	964	0.00246413092728
1114	727	816	2.05934938725e-21
1115	2644	1480	0.0200358384151
1116	2463	1480	0.00379529169399
1117	968	2682	0.015060004387
1118	293	297	1.07566929925e-15
1119	296	297	1.31238871992e-40
1120	293	386	0.0226905665245
1121	56	859	9.39880943616e-05
1122	645	859	7.79159024824e-25
1123	2848	859	0.000493922107464
1124	2384	859	1.05109224551e-12
1125	408	859	0.0412035124973
1126	1483	1136	0.000849163313168
1127	1483	251	0.0338408779198
1128	2239	251	0.0420762609518
1129	1483	2057	6.44484227481e-07
1130	1407	2057	0.000444815320231
1131	19	2057	9.90542630907e-09
1132	255	2459	9.70973191907e-10
1133	73	1113	0.00149169715733
1134	148	2839	3.38583123404e-44
1135	152	2839	2.85299405608e-05
1136	148	1623	1.1951148829e-05
1137	148	1260	3.18592278808e-27
1138	148	2609	3.11013336034e-05
1139	788	2609	0.00316623239372
1140	2336	2273	0.00442029744893
1141	2445	1706	0.000100659117983
1142	1909	1706	3.44405999152e-05
1143	2445	2294	2.31788379073e-08
1144	967	2294	0.00257711019303
1145	821	2294	0.0182847037809
1146	2793	2294	0.00150978379672
1147	1344	2294	5.38293775116e-06
1148	2445	1058	0.0255741117256
1149	666	1058	7.83010299286e-23
1150	2175	1058	1.84464598547e-83
1151	2655	1058	0.0460779495792
1152	2793	1058	9.07307621573e-11
1153	995	2184	1.32068732311e-06
1154	1926	57	0.0292017636724
1155	1445	57	2.45004262375e-08
1156	1798	57	0.00130064749979
1157	781	2984	8.88861061038e-07
1158	1015	574	0.000577440777595
1159	1665	574	0.000454366825867
1160	1015	2187	3.39681429891e-07
1161	2564	1936	0.0295899684947
1162	2701	1936	0.045749693475
1163	1720	1936	3.36112345616e-76
1164	2386	1936	1.90278224697e-12
1165	1952	1936	1.11773540665e-16
1166	1749	1936	0.0028408380459
1167	1453	1454	0.0070185857163
1168	967	754	7.12542959691e-169
1169	967	826	0.00218089066762
1170	924	826	1.49381996516e-07
1171	967	2757	0.0130267181888
1172	1203	1909	2.03977923169e-17
1173	2479	1852	0.0146350415803
1174	2563	1852	2.97832005684e-11
1175	485	1852	0.0271371825544
1176	2479	575	7.86338577626e-06
1177	2075	3025	0.0122799695374
1178	2509	1801	2.21143004019e-09
1179	1608	208	0.00273489782591
1180	677	2482	0.0
1181	849	2482	3.06511092048e-09
1182	1267	2361	0.0168758011738
1183	1264	2978	0.00556170399875
1184	2779	2545	7.21860377948e-06
1185	2779	937	3.39485815379e-10
1186	1251	937	0.0112061550913
1187	2779	1350	3.72113413257e-06
1188	1144	2874	4.03486539146e-05
1189	1144	480	1.28732246629e-06
1190	2026	548	2.364847537e-08
1191	1690	2330	0.000919054167159
1192	2728	2330	6.73503032525e-06
1193	1173	2330	6.0801400407e-05
1194	2873	1875	0.000126271748626
1195	369	2844	0.000168417780907
1196	666	1505	0.0148190408984
1197	666	2775	0.0425026249424
1198	1407	2775	5.51151761719e-36
1199	2778	2775	3.24257204198e-81
1200	788	1918	0.000663620045017
1201	152	1918	1.90265098289e-10
1202	2302	783	4.65296980003e-169
1203	864	783	0.00544882085004
1204	2302	1935	0.0012598351594
1205	227	1935	2.99070669546e-22
1206	2302	1989	0.000488530584078
1207	2074	1989	0.000170471578902
1208	572	1989	2.07987719591e-47
1209	2302	1537	1.02482416061e-05
1210	864	1537	6.00674303704e-06
1211	1063	1537	0.0476914322279
1212	901	416	0.00178967660143
1213	1083	533	0.0
1214	342	339	0.0
1215	80	1411	0.000916914841744
1216	617	1411	0.000277348889057
1217	581	1411	2.15547809535e-05
1218	2097	1411	0.00256605615328
1219	80	2432	3.1331268238e-10
1220	80	40	0.00141724780279
1221	452	2278	3.49107961127e-06
1222	899	712	8.43998204237e-10
1223	899	1168	2.15402112473e-58
1224	476	746	0.00845773740382
1225	1780	746	1.17519718487e-07
1226	476	2849	0.0415922941782
1227	1058	2254	0.00577592945337
1228	1306	2254	4.46623853015e-09
1229	1058	621	3.10720404964e-11
1230	640	116	0.0
1231	1629	2131	0.00435413642961
1232	1794	1911	0.000489186232453
1233	152	1911	0.0357468232979
1234	809	1911	0.00594420168568
1235	2743	1911	4.34833384169e-15
1236	2544	442	0.000218634822997
1237	2375	1392	1.83497531744e-10
1238	2375	469	3.78390247318e-09
1239	2754	469	0.000761695147534
1240	569	469	0.001703206379
1241	1993	1990	0.00129369718175
1242	578	2237	5.25246316632e-06
1243	616	2237	0.000746832451606
1244	71	72	3.32980062601e-05
1245	2622	108	4.77714623489e-07
1246	859	108	0.00736576202936
1247	2622	268	1.54308888038e-09
1248	1737	268	0.046036514028
1249	859	1288	0.0130970447301
1250	641	1288	0.00953300061261
1251	859	1404	0.0054362177127
1252	541	1404	0.0188030818379
1253	1407	1404	1.78359570987e-13
1254	859	1289	2.48174402336e-61
1255	1521	2424	0.000716450973446
1256	508	1304	1.58115632164e-05
1257	508	2941	4.27455448718e-22
1258	1961	1713	0.000650244642614
1259	1961	1949	2.70492560178e-41
1260	1618	2892	4.40172490972e-71
1261	1518	1644	0.0303418252558
1262	503	506	6.99413533296e-40
1263	946	671	0.0143316620361
1264	1885	1881	0.0
1265	1656	1622	0.0159988846175
1266	2469	1622	0.0168296484363
1267	1055	1622	0.0456491884024
1268	2495	1622	7.68830735778e-30
1269	2736	2290	0.000190182647664
1270	351	257	0.0
1271	1677	2128	0.0345636151543
1272	1678	1683	0.000123484722415
1273	1679	1683	1.40869846095e-32
1274	1678	1163	0.0294929363875
1275	1678	2105	0.000493511522872
1276	2433	2105	3.2472286647e-07
1277	1678	2458	2.07178996542e-42
1278	1060	218	3.80307207247e-05
1279	866	1243	0.0105085638468
1280	2213	927	0.000475643959337
1281	475	1030	0.000969970746582
1282	886	409	0.0449938627966
1283	2741	1657	0.000157659898224
1284	160	1306	6.77151968436e-14
1285	2216	1305	8.81550962077e-07
1286	2527	1182	0.000371325558189
1287	2469	1710	1.46665048269e-15
1288	619	1710	1.54121782523e-06
1289	2571	1710	0.00353986234008
1290	2469	2992	0.0333566307065
1291	1699	2992	2.48227341921e-11
1292	2860	2992	0.000765707256801
1293	188	2992	3.8430319312e-08
1294	1346	431	1.44263556406e-17
1295	2725	1135	0.00349353973625
1296	619	2384	0.0225517021646
1297	2913	2384	0.00610668874522
1298	2209	2384	0.00669358216146
1299	1406	2384	4.43533969408e-05
1300	619	207	1.74436601027e-05
1301	1241	1240	5.62540107239e-32
1302	877	2971	9.32478590381e-06
1303	2135	1433	0.0429734648922
1304	2815	256	5.53929522414e-05
1305	2790	256	0.0202891746527
1306	951	963	0.0
1307	573	2779	6.62784917922e-31
1308	820	2779	4.84543935256e-27
1309	573	2754	5.64844514584e-13
1310	2860	2754	0.000266052229281
1311	566	2754	6.50095337282e-05
1312	829	2754	1.83153685686e-69
1313	648	2754	0.00115202615708
1314	573	2760	4.38174186293e-15
1315	1785	838	0.00387912975567
1316	152	1475	0.00702607238996
1317	152	1095	0.000187145377049
1318	2999	1955	1.64339928247e-22
1319	2999	1539	0.00352825526945
1320	2475	1386	1.54703514934e-05
1321	597	1659	8.15713280774e-08
1322	597	1423	0.00316367083076
1323	1700	1691	0.0
1324	1700	2761	2.37751652897e-92
1325	846	2761	2.77659299381e-75
1326	1700	1474	0.0236458425699
1327	1700	1173	2.25332785387e-06
1328	1700	2175	0.000903283212385
1329	2463	2175	0.00384186496512
1330	994	1829	0.0183512140034
1331	21	2973	0.00317895940537
1332	2016	92	0.00921701900703
1333	2016	855	0.003726870142
1334	1660	934	7.55146292055e-16
1335	1660	1944	4.33243812582e-19
1336	2760	1628	0.000803624425002
1337	1695	1628	1.54522775222e-06
1338	2861	1628	0.00112435191001
1339	1859	2238	0.0
1340	1712	1467	1.57558440661e-16
1341	37	167	1.24811416662e-05
1342	2237	167	0.0342627062919
1343	1831	2828	0.00015299664715
1344	2924	2828	5.38953690269e-05
1345	2753	56	0.0445952460654
1346	2433	56	0.0
1347	2753	2349	2.19278157206e-09
1348	2753	2700	7.11597683909e-12
1349	2753	892	0.0351649362829
1350	2753	130	5.4561911935e-05
1351	2433	130	1.20883007544e-12
1352	2753	2580	1.7227022706e-08
1353	1639	2580	0.0
1354	2753	1697	0.0
1355	2753	2241	4.49382344664e-32
1356	2700	2241	2.46341038149e-138
1357	1609	2041	0.0
1358	1609	2449	4.18546721689e-07
1359	1609	1380	0.0341165418828
1360	1468	676	1.90186518744e-05
1361	1167	1	0.0162232323102
1362	471	1462	9.28229474137e-07
1363	1228	187	1.87552493307e-37
1364	1228	622	0.000591653818873
1365	821	566	1.21289232129e-11
1366	2860	566	9.11555247401e-14
1367	821	820	9.90225919167e-228
1368	821	1251	0.00188793336056
1369	821	2113	0.000262612538992
1370	2755	2113	1.97383934473e-51
1371	2441	1840	0.0150596832937
1372	1696	602	0.0173528188566
1373	2450	602	4.01426695701e-06
1374	2460	2461	0.0489591445991
1375	661	660	0.0
1376	870	702	0.000380112650223
1377	109	702	0.00208039538363
1378	870	103	1.6035210143e-32
1379	2122	687	0.000624425934743
1380	1262	1520	3.02454438072e-09
1381	2732	163	0.000660992239816
1382	2846	163	1.35237865146e-06
1383	2732	917	0.000716830989029
1384	577	917	6.02436555818e-07
1385	254	121	2.60998339138e-10
1386	2972	121	3.74233008865e-30
1387	2517	121	5.84847970062e-169
1388	1977	121	0.00394136748985
1389	860	618	4.47728150221e-06
1390	2603	1107	0.026620789667
1391	2603	161	4.82589909358e-05
1392	1815	2448	0.00283225470943
1393	81	2448	0.00213133446719
1394	1815	1407	7.92038175755e-09
1395	2205	1407	0.0348121031866
1396	1815	2721	0.0304982732084
1397	1878	1606	0.00398066785337
1398	991	1528	6.49274116988e-06
1399	895	2431	0.0
1400	2864	2862	5.01137349309e-07
1401	2864	49	0.0102250713494
1402	552	432	0.0443372756846
1403	2307	61	0.000380105848579
1404	846	518	7.81755869932e-11
1405	1319	518	6.34565343887e-08
1406	846	2144	2.36031356896e-06
1407	99	2045	0.0480669054634
1408	2397	2260	0.00116900435056
1409	1544	2260	2.07958268131e-05
1410	1937	1375	0.0332375890392
1411	1738	1375	5.38294119472e-05
1412	1909	1375	0.00623375387908
1413	1937	1978	0.0247779107091
1414	2679	2886	5.55029042044e-07
1415	2768	2886	0.0394033134176
1416	234	2989	5.27737767156e-11
1417	1707	2989	5.78466666267e-10
1418	234	1831	0.0154041129257
1419	1871	1831	1.09231824311e-31
1420	2818	2846	2.36944045301e-11
1421	2241	2846	3.33841063114e-07
1422	586	2846	9.44732591713e-10
1423	2818	2072	1.68520522776e-05
1424	2168	795	0.0483868334282
1425	137	2563	2.24866641285e-07
1426	137	2805	0.0067855847007
1427	135	2805	4.7245514913e-08
1428	137	2766	3.06233680874e-07
1429	583	2766	0.0136742706036
1430	3018	2766	0.0164121662938
1431	1234	2766	9.54566445889e-06
1432	2865	1303	2.78043332972e-30
1433	2116	1303	0.0217832685544
1434	2848	654	0.0218903621067
1435	2870	654	0.000612940795093
1436	215	654	0.00343091821577
1437	1233	654	0.0137938889377
1438	472	654	3.73328676092e-08
1439	867	654	0.0449800986663
1440	1574	654	4.34347383618e-109
1441	2293	327	1.2744101969e-05
1442	1738	2549	5.75205611756e-52
1443	307	2549	4.1460135122e-16
1444	1445	2549	0.0118237132411
1445	2341	2342	0.0245584149801
1446	1124	900	0.010628017647
1447	2067	448	2.31834634234e-05
1448	1688	1693	8.15794062019e-07
1449	2433	1316	0.0450596085009
1450	641	1316	0.001903011649
1451	2433	292	1.26084352128e-59
1452	2000	292	0.0139494393727
1453	2433	1695	1.53818198111e-33
1454	2433	2730	1.08380141365e-05
1455	883	190	0.00105278963492
1456	2952	1128	0.000579524488705
1457	1513	1926	0.0025540173432
1458	1513	1446	0.0010341584788
1459	1513	424	0.0244443743088
1460	2755	424	0.0118617018517
1461	663	670	0.0113016280904
1462	864	3009	0.000216055394721
1463	1441	2036	0.0167915272897
1464	2110	2036	1.2266780328e-40
1465	2491	2036	0.0356813132987
1466	642	2548	0.0182769747389
1467	2608	1326	0.0
1468	280	1309	0.0027180491527
1469	2129	1776	8.74919178617e-05
1470	1231	1178	0.0127223635136
1471	337	2890	0.0370673807926
1472	616	2890	0.0
1473	851	2167	1.28117840228e-06
1474	2831	2160	0.0197602682431
1475	2831	280	0.0071133743324
1476	1789	280	1.52843502402e-17
1477	388	110	1.19782592913e-07
1478	741	2829	0.0310618784643
1479	969	841	0.000495117399075
1480	924	967	1.24874253893e-11
1481	924	2755	0.00596577002695
1482	2547	2364	6.70809637477e-14
1483	2080	2364	1.3656361398e-07
1484	2547	881	0.000365340854107
1485	2547	2295	6.00265870746e-05
1486	2547	1506	0.000435122133826
1487	580	1646	1.13390942765e-06
1488	1983	2280	1.55727946481e-26
1489	1983	2335	7.14502106162e-10
1490	1239	2335	0.0109157484988
1491	444	901	0.04994218992
1492	1368	901	0.00990031540338
1493	444	1476	0.0205553513092
1494	447	1476	0.00106810352511
1495	1631	986	2.50564350092e-05
1496	1215	986	0.00659830029428
1497	1631	2179	5.36919564551e-07
1498	539	2179	3.18827220503e-08
1499	2849	2179	0.00336289838097
1500	1631	1000	0.00914549241271
1501	1923	1000	0.0208112697614
1502	736	193	0.0256837109351
1503	46	43	9.8470738694e-12
1504	44	43	8.10946955003e-16
1505	2423	763	0.0274725274725
1506	1322	693	1.03218496237e-25
1507	26	408	0.0223858002434
1508	1752	408	0.00671638961452
1509	1306	408	0.00624131542566
1510	2476	1170	1.64453844057e-06
1511	291	264	3.32473718862e-93
1512	291	1882	0.0011154928551
1513	291	2146	0.0358089477806
1514	291	296	1.30393700548e-17
1515	1061	1286	0.030857646034
1516	607	810	0.000221865058838
1517	607	2744	7.97001777577e-32
1518	2392	2744	0.00896685071303
1519	810	2744	2.10106199584e-09
1520	2237	2744	0.0155437792412
1521	1587	1384	0.0018770056662
1522	1587	326	9.41179143221e-09
1523	83	2855	1.40402749866e-89
1524	481	2327	9.46121758216e-10
1525	2694	2327	1.87612507384e-25
1526	481	482	8.76394038977e-05
1527	120	836	0.00119239969733
1528	1701	836	0.0024423656329
1529	958	836	0.0245645324832
1530	441	24	0.0140308009344
1531	1390	1827	1.09101275324e-11
1532	1821	1822	0.0
1533	2689	2120	0.00255823423721
1534	1720	2120	0.000797713484168
1535	1772	2120	2.66032155477e-09
1536	1103	2697	2.50267126658e-05
1537	1699	160	0.000763862391713
1538	2793	160	0.00140102148797
1539	1699	1696	1.2990565289e-39
1540	2000	244	1.8812985432e-05
1541	2000	1988	5.7562769617e-55
1542	1156	1656	6.27581496283e-18
1543	1156	2495	2.47868866263e-08
1544	1431	2495	0.00562727203142
1545	1156	1211	0.00258067849947
1546	1917	1211	0.00736481495108
1547	1639	1783	0.000432944756115
1548	2357	2359	0.000589726219697
1549	54	183	0.0113915070437
1550	1393	1019	0.00343896816046
1551	2560	1600	0.00239247587605
1552	2711	1466	0.0251377900894
1553	2711	78	1.64879556124e-07
1554	1135	1133	0.0295018430913
1555	1104	2871	1.16186911268e-10
1556	1104	871	0.000102613264582
1557	780	928	0.0019246829808
1558	774	206	0.0130108660875
1559	1809	273	0.0148392958217
1560	1809	2220	0.0081845527752
1561	1809	2579	0.0
1562	1809	1291	0.00197190681734
1563	2807	2896	0.0278739339302
1564	2708	59	0.00922127441868
1565	1575	2614	0.0
1566	1769	852	1.24923915892e-10
1567	2639	2641	1.75346010488e-05
1568	311	1913	6.91071674517e-22
1569	1059	1034	3.37315094941e-38
1570	937	2910	7.53023311295e-05
1571	1463	139	0.0471304078791
1572	2204	2269	0.000374506774204
1573	1258	801	0.000715563506261
1574	2380	2467	0.00536631232576
1575	104	1841	0.0369625098894
1576	1226	2927	6.26113342238e-07
1577	2879	2927	0.0466053690931
1578	415	2670	0.00706160272597
1579	1758	2670	0.00180888840336
1580	1455	1259	9.10119140261e-08
1581	827	1139	0.0123133089357
1582	379	2684	0.00561274041875
1583	97	1833	0.00031499810851
1584	2180	751	0.0
1585	558	1432	0.00214963907274
1586	824	822	1.54755110847e-32
1587	824	2788	2.30570471071e-16
1588	368	2788	3.8794136511e-15
1589	824	2055	0.0252257521735
1590	2710	785	2.43799189054e-07
1591	2710	1223	0.00186223499608
1592	2710	2720	0.027612449452
1593	2589	2720	2.30593577524e-06
1594	1701	2210	0.0152416806392
1595	2860	2210	0.000712245330253
1596	1665	2210	2.27867161419e-07
1597	1701	120	8.65819560351e-05
1598	1431	120	8.82006997652e-08
1599	1984	1097	0.00786795163947
1600	826	1097	0.0455030232637
1601	1984	1782	0.0161370544744
1602	299	1902	5.44605532819e-09
1603	1406	1902	0.0170475747018
1604	2653	1902	0.00030246332282
1605	1222	1514	0.0
1606	1317	1318	0.000457639792247
1607	2439	1318	1.277183266e-06
1608	2345	1318	0.00109145522835
1609	1317	1098	2.90027592359e-09
1610	2637	974	0.00118861600602
1611	1772	974	4.52089309232e-05
1612	2637	975	2.39270544644e-09
1613	1469	2850	0.00300344492652
1614	1549	2633	0.00843741229907
1615	1549	2791	0.00151651777059
1616	259	2791	0.0085518367475
1617	2767	2791	7.56880387543e-05
1618	1549	473	7.53301725061e-07
1619	233	473	0.00141520377777
1620	1549	2514	0.0461132687605
1621	2205	2514	0.00510757731805
1622	2105	2514	0.00573370608289
1623	921	1704	7.68007554977e-22
1624	2274	1185	0.0210500040575
1625	916	1185	2.73128397226e-07
1626	2274	916	0.0182246910942
1627	2365	1759	0.000244117514512
1628	574	708	9.43844600542e-10
1629	2466	708	1.17914877483e-08
1630	574	8	1.56681256575e-06
1631	574	2049	0.0236858509113
1632	1349	2049	0.0209403271613
1633	2852	2264	0.000420026008783
1634	2804	1556	0.0
1635	2891	2888	0.00401791860209
1636	983	41	0.00459062262208
1637	2879	680	0.0360788827866
1638	2879	2705	4.8315464249e-05
1639	1064	1186	7.00809050379e-08
1640	2662	1186	0.00884338848123
1641	516	74	0.00552927728215
1642	2749	2623	0.00209374185229
1643	2103	2596	0.0201744584629
1644	2103	345	0.0237323677406
1645	800	1365	0.0
1646	2913	1361	0.0120593860011
1647	2522	396	0.00288014622412
1648	2687	599	0.0488162449684
1649	2687	1965	1.4776452588e-06
1650	2297	2077	1.54282738861e-11
1651	1910	1400	0.00266173483061
1652	1910	1398	0.000666322197208
1653	1910	2422	2.07700636197e-27
1654	1374	302	5.76833317973e-53
1655	2484	302	0.0
1656	1374	772	0.0353648954687
1657	2713	1164	0.0145770002086
1658	2713	111	0.00122480783487
1659	1509	989	0.000120041274907
1660	2416	550	1.35103118066e-46
1661	958	2169	7.90900984461e-08
1662	151	2169	0.000886160142454
1663	998	350	7.8521860597e-11
1664	998	779	0.00710817200909
1665	134	779	0.0258403187075
1666	2074	2339	3.42418861145e-12
1667	2074	2070	5.21759035149e-41
1668	2074	2328	3.53622829345e-05
1669	566	2328	0.000777355641291
1670	2381	2224	0.0133712247711
1671	240	2224	1.49913998161e-06
1672	2381	2902	5.58446543542e-12
1673	2805	2902	0.000400676227519
1674	2381	2921	3.15870154589e-22
1675	2591	500	2.41770449648e-09
1676	2591	170	0.00760777879946
1677	2417	547	1.5627230291e-51
1678	307	354	0.00029033428041
1679	2070	2544	3.77983856055e-25
1680	2070	2300	0.0201738266993
1681	2473	2300	0.0395892463282
1682	540	1477	6.35050745219e-07
1683	1702	217	0.000509562707399
1684	1877	1922	3.10820513247e-31
1685	1211	364	3.41485556282e-18
1686	1647	364	0.000236874627233
1687	1331	364	0.0362772172554
1688	2174	2185	0.000304520940616
1689	125	2953	0.0
1690	1232	2906	3.9515833639e-05
1691	1232	1974	0.00015684235739
1692	422	908	7.61612456971e-29
1693	1121	908	3.77772130182e-13
1694	2410	1808	1.84606395527e-05
1695	2796	1808	0.0380361843044
1696	2410	2798	0.0390839551036
1697	2439	2875	0.000706015706615
1698	2700	551	1.4528645637e-25
1699	22	7	0.000709507960123
1700	105	7	0.0210212297746
1701	759	1023	0.042720235872
1702	1544	1570	6.46191007156e-18
1703	1544	853	9.13396771151e-15
1704	1544	714	0.00240023217159
1705	1577	1576	0.0
1706	1844	1843	0.0100079140971
1707	2299	2727	0.0497925731005
1708	2005	2003	5.58354898366e-25
1709	2897	1188	0.00479962298518
1710	1554	2894	0.032750963818
1711	1554	1970	4.27406065334e-47
1712	204	1970	0.000120989197466
1713	355	1970	1.85897711868e-08
1714	1554	2317	0.0299630753922
1715	367	2468	0.0136873957308
1716	2326	2468	1.55282956019e-16
1717	473	2468	2.10909490732e-16
1718	1025	2538	0.0126478053095
1719	212	2538	0.0025839638171
1720	1787	3021	0.0341404438705
1721	3019	3021	0.0332647660378
1722	2159	281	0.0281484236963
1723	1972	2836	0.0256938306886
1724	887	773	0.00560006866537
1725	1959	515	0.00553417888887
1726	1555	1157	0.000397040372781
1727	1976	1417	0.0250917094644
1728	1111	1176	0.00450435493346
1729	2793	1197	1.50881165582e-07
1730	2793	2575	0.0363618197195
1731	2793	2362	0.0197280492993
1732	641	587	0.00927882879763
1733	641	231	1.57363496191e-44
1734	1029	1028	1.61653188485e-07
1735	10	2631	8.90605292945e-06
1736	10	2795	0.00230697334774
1737	1532	2795	1.99360041397e-09
1738	10	2508	3.21224490776e-05
1739	522	1408	0.0
1740	1043	2914	2.06129338528e-11
1741	1024	2914	0.0
1742	2758	786	9.40346952062e-39
1743	3018	786	2.66172646691e-09
1744	2225	2475	2.14113252744e-35
1745	2225	2732	4.67029630649e-06
1746	474	2155	0.00718833027494
1747	1339	2155	7.71129311168e-23
1748	2947	2155	4.95128158353e-38
1749	2520	2940	2.26987162295e-20
1750	1072	1324	1.26780100308e-97
1751	1072	1661	0.0365354785352
1752	1242	1661	0.0428609783141
1753	620	1367	0.0
1754	443	1711	2.18908683885e-14
1755	1378	1381	4.24045237382e-11
1756	149	36	4.40895820641e-08
1757	149	2589	3.0206443452e-47
1758	2455	2589	0.0482856489557
1759	656	1564	9.10802432909e-13
1760	850	1301	0.000813078183716
1761	1379	484	0.0371628455797
1762	1586	484	1.76150204053e-05
1763	1379	1377	0.000617020048747
1764	1379	666	0.024871631901
1765	381	740	0.0205943845374
1766	381	526	0.0115529157006
1767	2266	69	0.0361066631136
1768	1136	118	7.99465282026e-14
1769	1670	1870	0.0
1770	1471	11	3.08803517341e-29
1771	1094	106	5.25667239513e-06
1772	519	106	0.000678366395799
1773	1094	1557	1.51472798009e-08
1774	790	1681	0.0149907876813
1775	790	2943	0.008468358374
1776	1431	2943	0.00439720917977
1777	1748	1612	2.47122772835e-07
1778	1748	2435	0.0116013840347
1779	1649	488	7.79713084862e-11
1780	2860	2773	1.45548627376e-16
1781	2860	829	2.44416694018e-70
1782	1974	1149	5.51109348834e-06
1783	791	793	0.0211581852193
1784	791	1221	1.90752383589e-11
1785	1008	1221	1.63860856736e-07
1786	1087	649	0.0
1787	566	913	2.27689916597e-05
1788	1371	913	0.00361038545506
1789	566	2762	9.61000206063e-08
1790	566	1241	0.000186452905269
1791	52	1241	0.0170500549833
1792	1436	2740	3.03116880972e-06
1793	1436	357	0.000993794767382
1794	1437	357	1.4342629297e-61
1795	611	2877	0.000636138843639
1796	157	1675	0.0
1797	829	523	7.84460611762e-60
1798	884	695	1.10064184635e-06
1799	1376	695	0.0273386943961
1800	884	2967	0.0478506355368
1801	695	2967	1.75869970183e-05
1802	2296	923	0.030985820395
1803	2296	764	0.0384930797008
1804	2296	67	0.000737669924171
1805	2663	1323	2.71243525918e-07
1806	2733	2734	3.71285018546e-05
1807	1905	1571	0.000405247800801
1808	869	843	0.0231129174374
1809	894	1804	7.93331906169e-20
1810	894	2915	3.38008292959e-17
1811	679	682	6.99536981682e-09
1812	1938	1939	0.0
1813	1543	1542	0.0
1814	1888	1442	0.00313732351483
1815	2665	269	0.00987276178885
1816	1561	1213	0.00197429702626
1817	1193	1194	0.0
1818	1637	494	0.038823498082
1819	2191	1075	0.0
1820	1410	1538	7.63679334451e-10
1821	1777	1778	0.0
1822	2316	2528	0.00464913684552
1823	892	2386	0.0328577423586
1824	285	2900	4.75689250146e-05
1825	1189	1047	0.0182869397569
1826	1189	1725	0.0158472227615
1827	166	1725	0.0416476841114
1828	1545	1725	0.00447636252946
1829	1011	1599	0.0
1830	253	2867	1.43629603803e-36
1831	2244	1395	0.00338231176814
1832	1294	2032	0.0138785459907
1833	1532	1094	1.74689606153e-13
1834	1532	629	9.32135405602e-68
1835	52	1699	6.08942976289e-232
1836	52	1352	0.0457717589204
1837	1783	1044	1.70433199923e-14
1838	1366	2624	0.0103199174407
1839	2144	782	0.00547538843554
1840	1535	1552	6.67965619515e-12
1841	1880	1300	2.29171674638e-36
1842	2776	1429	0.000712535590274
1843	1345	700	0.000385918067611
1844	1345	567	0.00403875974863
1845	1449	567	2.74469297273e-05
1846	2703	2262	0.0450376822681
1847	1422	211	0.000247229984996
1848	1964	2298	4.88890361904e-09
1849	1995	1237	0.00386804330032
1850	1988	1122	4.66104782793e-05
1851	2946	1076	0.00237047654638
1852	1179	598	0.0281106105084
1853	1497	1722	0.000465217332185
1854	2241	1314	8.51495532092e-10
1855	1736	1735	0.0441268876051
1856	783	902	0.0066092586293
1857	1040	1041	1.10355911165e-08
1858	2835	2746	0.00233457135404
1859	2835	1750	6.20668710022e-08
1860	2835	2581	3.90559102161e-10
1861	1517	2581	0.0115462187468
1862	1724	1373	0.0182513273241
1863	2107	2106	0.017094017094
1864	1960	2281	0.0102413273465
1865	1522	1523	0.0
1866	2575	1703	4.375599993e-10
1867	2164	1703	0.00028770137898
1868	617	2831	0.00407376814811
1869	1650	2094	0.00681632912316
1870	453	2094	0.0210845428856
1871	681	1229	6.10809093728e-36
1872	631	858	0.0100948984609
1873	571	1964	0.00232117276178
1874	353	984	0.0315078607604
1875	1074	1972	4.15067230052e-06
1876	3017	2134	0.0388577726792
1877	2845	2500	0.0414345037898
1878	91	842	0.0127482811306
1879	2636	282	0.00388877692636
1880	2924	2865	3.5477893442e-08
1881	768	440	0.0
1882	2127	2037	0.00106140097079
1883	1027	2182	5.53038993427e-06
1884	1837	2928	0.00258554582117
1885	1551	1035	4.27822770062e-09
1886	1551	1233	8.161489632e-29
1887	119	748	0.00123017067967
1888	743	748	3.14890073107e-20
1889	1257	2610	0.0055335010713
1890	1353	1356	0.006470536678
1891	383	1472	1.14282090828e-08
1892	2171	1115	1.75379803584e-09
1893	47	46	5.3332828261e-50
1894	2870	1224	9.36453993534e-10
1895	96	15	3.20163146338e-11
1896	244	744	1.415500412e-141
1897	2437	77	1.10610220244e-11
1898	193	1919	0.0353063409582
1899	648	1977	0.0305570043358
1900	454	456	1.81351409655e-06
1901	2816	2023	0.0145457662543
1902	2991	2974	8.41241689156e-07
1903	811	2427	1.37438490426e-14
1904	795	309	3.62486368504e-07
1905	795	761	0.000375635487303
1906	817	738	0.0258366105212
1907	1733	466	2.20964646846e-06
1908	1190	1191	0.00941898354367
1909	1573	1438	4.83063999214e-19
1910	955	2751	0.0
1911	2933	1142	3.37356386336e-204
1912	2386	1296	0.0303439306407
1913	2540	85	0.0
1914	2506	270	0.0396730684234
1915	1820	2802	2.73572918106e-07
1916	242	2802	3.50539554783e-07
1917	1280	1279	0.0
1918	1807	2215	1.92383915095e-13
1919	1745	450	2.49529575487e-17
1920	1654	2416	1.86001334121e-06
1921	2666	3000	0.0
1922	2298	893	0.00806044213302
1923	378	1369	6.93227053863e-06
1924	378	498	1.99483783046e-05
1925	808	1403	0.00376005058778
1926	966	2712	0.00207145753109
1927	1805	776	0.000750624221571
1928	330	1014	9.9987044569e-06
1929	553	2396	3.8775095515e-39
1930	601	624	2.73356157369e-18
1931	2761	624	0.00062013507804
1932	601	2255	0.0
1933	2119	981	1.47462184722e-12
1934	2418	2415	0.0258406776761
1935	510	1548	0.0214062735934
1936	2533	2534	0.0
1937	312	594	1.72961755495e-05
1938	950	2154	0.0
1939	1634	1147	7.21093284173e-05
1940	1634	674	9.64545669142e-05
1941	1912	2634	0.000256526729356
1942	1430	2866	0.00689429325482
1943	2934	2938	0.0
1944	2056	2629	3.28442282247e-05
1945	655	684	0.00775209381939
1946	655	201	0.0242485911689
1947	1406	2635	0.0265710299523
1948	2492	2635	0.0224598137989
1949	2583	2885	8.30409924745e-05
1950	247	245	1.97086572492e-07
1951	1798	1915	8.03419944155e-42
1952	1798	398	1.38491555505e-13
1953	2109	191	0.0
1954	1865	1867	0.000121076683882
1955	2657	536	0.0042501616031
1956	581	248	9.01502336936e-07
1957	1687	1106	0.00152626726648
1958	872	2421	0.000101342240606
1959	2505	1945	0.0102383071235
1960	455	1945	0.00694609435116
1961	529	1945	0.00240828060784
1962	1917	1242	4.43622997369e-27
1963	926	1242	1.52837519613e-06
1964	1919	2997	0.0319620358429
1965	2935	1287	0.0241626200567
1966	2982	1287	0.00116668655531
1967	222	220	0.0
1968	1452	1021	0.0236369143166
1969	1452	295	0.00605385429402
1970	2270	703	0.0179326066242
1971	368	2756	3.28098702815e-25
1972	565	2756	0.019619074478
1973	494	2598	0.0421848265378
1974	214	2145	1.53710492878e-21
1975	775	428	0.000186735551337
1976	23	129	0.0231014161439
1977	1005	16	0.00166374450185
1978	2218	76	2.85860537964e-19
1979	1763	1766	0.000460366232469
1980	1272	1274	5.31014335544e-06
1981	1230	1515	0.0
1982	2704	2908	0.00969803533035
1983	1857	2899	0.00189965892188
1984	2784	45	3.12094825306e-06
1985	1529	1738	8.37805786813e-09
1986	999	1991	0.00689189422313
1987	2726	2723	0.0127762478113
1988	1474	1979	0.0
1989	1281	1979	2.18050768207e-06
1990	1474	2963	3.07729204702e-30
1991	1474	1716	3.27858632254e-14
1992	1531	1583	0.000880366465336
1993	2722	1583	0.00115896354329
1994	1686	1685	0.0189995251369
1995	1347	1239	0.0381068308839
1996	237	1590	0.0361823137014
1997	1728	1067	2.02282634714e-05
1998	1112	888	0.00793662416722
1999	1953	2408	0.00234213103586
2000	982	205	1.03122239881e-15
2001	2647	1132	0.0307732908651
2002	1255	28	4.09195180708e-05
2003	987	644	0.0168755329411
2004	1420	1671	1.66170401906e-06
2005	1923	1671	0.00268458880066
2006	2496	1635	8.93171697034e-05
2007	1234	1828	2.95495197592e-07
2008	1239	1828	0.0063805216207
2009	1234	652	4.23472341722e-05
2010	1234	1434	7.47959162866e-24
2011	2930	1434	0.000196695041415
2012	261	2226	0.0
2013	1751	1120	4.11278320901e-06
2014	2151	812	0.00715883728097
2015	2367	289	0.000602980682417
2016	382	376	2.00332087191e-05
2017	382	1663	0.000866575852449
2018	1732	1663	0.000321343554627
2019	55	1663	0.0460875702038
2020	382	1754	0.0117547772338
2021	2652	699	5.27363649698e-07
2022	3005	699	9.77229050996e-07
2023	2620	699	5.50697244476e-26
2024	1746	699	9.67027799662e-10
2025	2652	794	4.21755380885e-21
2026	275	1747	0.0
2027	1065	1246	3.11939474614e-06
2028	1239	2479	0.000289442356763
2029	2402	2479	0.00311662960434
2030	290	2552	0.0175802680052
2031	2223	2111	0.0
2032	2854	2550	1.6045177272e-05
2033	1341	1650	0.011679032727
2034	2827	2555	0.0279595724797
2035	875	1081	4.35664352105e-10
2036	531	2539	0.0175439348188
2037	2020	2654	0.0323100208861
2038	2830	2654	3.4229584292e-07
2039	2366	608	0.00285633623193
2040	3013	978	0.00044940837923
2041	1451	2136	4.87537383159e-05
2042	1898	2605	0.00190250370646
2043	1323	2703	0.0159677646073
2044	1323	2880	0.0296147375581
2045	1628	421	3.90456673882e-06
2046	1415	2636	0.0194997544392
2047	2256	2507	4.17212938513e-172
2048	2675	2196	1.64772006579e-08
2049	651	2592	3.88504249409e-07
2050	2980	512	0.0301436609989
2051	1481	544	0.0
2052	2004	2005	0.0108665163889
2053	2076	437	4.08752915611e-21
2054	1085	437	0.0148981582581
2055	2076	715	0.0341930818715
2056	2344	426	1.09202639181e-12
2057	675	2465	0.0101056041579
2058	1077	3003	0.0
2059	839	840	4.1309691687e-05
2060	657	2279	4.31186081939e-05
2061	1923	539	0.0446322867362
2062	1127	890	0.00749312550399
2063	2487	2121	0.00016785363418
2064	1210	2008	0.00290752138909
2065	760	2981	0.034132334029
2066	2116	499	0.00744737449774
2067	1108	499	0.000243478347665
2068	1235	499	6.0142229414e-05
2069	2399	499	5.28714839515e-11
2070	2814	2626	0.0065641801399
2071	593	1117	0.00161838229339
2072	725	1619	0.0153304101859
2073	692	1485	0.00931461972553
2074	2922	2923	9.23214912515e-05
2075	1250	1290	0.000983090520641
2076	2960	612	0.0
2077	535	425	5.43441742507e-05
2078	2240	2233	0.0
2079	2170	2782	0.000194917269404
2080	2170	2016	3.09751698493e-32
2081	2170	2195	6.81898146218e-18
2082	680	1050	0.0139310087078
2083	680	417	5.10898394252e-12
2084	174	1507	2.62792577355e-18
2085	1816	446	1.13738137982e-05
2086	212	1090	1.27433133166e-08
2087	871	2488	2.15961739861e-05
2088	2959	2958	6.01511590465e-08
2089	2957	2958	0.0221445065239
2090	1338	2947	1.10589719336e-14
2091	2455	1740	0.0333583946389
2092	1676	2895	4.45157416903e-07
2093	2791	1930	0.000422978964804
2094	559	66	0.0316614203407
2095	2044	2785	0.0
2096	1655	2925	0.0
2097	2680	701	0.00194543925267
2098	300	701	0.0129830479509
2099	830	133	0.0
2100	2405	1004	0.0219277893264
2101	2988	868	0.00109931720068
2102	2554	2800	0.00744544983147
2103	433	2606	0.000260407553025
2104	1759	713	5.21186207512e-22
2105	1319	1317	1.10496342587e-42
2106	2078	2079	8.50294906479e-06
2107	405	1499	4.06592770285e-08
2108	2347	53	0.0244710008461
2109	2719	1883	2.48717561594e-44
2110	2762	1883	0.0150541526955
2111	82	2470	0.0491803744937
2112	2998	2403	1.37478309663e-171
2113	2774	2123	0.000103677301395
2114	434	1354	0.00748017006961
2115	2407	1914	4.98201427221e-12
2116	665	461	5.35606053538e-25
2117	2810	2812	3.56581759738e-08
2118	2001	410	0.00173024988985
2119	1033	1756	0.000604173468591
2120	2322	1669	0.00250626566416
2121	2186	2841	2.29643506102e-25
2122	1541	2286	2.81324586434e-17
2123	1541	1540	4.12547456399e-08
2124	2590	1540	0.0
2125	178	2188	0.0339525638862
2126	1419	784	4.40476650456e-06
2127	1419	731	0.0310059006672
2128	1026	1457	0.0
2129	2672	1597	2.11535082684e-06
2130	2672	2780	0.0387350360709
2131	1625	1490	0.00210427391677
2132	2581	1620	1.49570809647e-14
2133	564	1933	1.20686933627e-08
2134	2557	1534	0.0168582206387
2135	2557	2556	8.59589220043e-15
2136	2012	143	0.0
2137	2048	678	0.0
2138	2692	2691	0.0
2139	2031	2258	0.00411623195566
2140	1900	2594	8.10547854967e-05
2141	1799	1797	1.32715506354e-45
2142	1427	2352	0.00140575612127
2143	2173	284	5.47271621966e-07
2144	2173	2172	1.99946927249e-112
2145	189	2383	0.000628331572469
2146	2323	457	0.00249114419985
2147	1680	1679	1.79558342304e-08
2148	1680	2860	0.0127544315047
2149	1624	2617	0.000690599833963
2150	1224	2618	3.04687917418e-18
2151	1224	1025	1.24279979271e-05
2152	2321	2319	1.45600450718e-06
2153	2321	2320	5.37860640906e-08
2154	391	35	0.0151155770226
2155	199	1761	0.000299713438203
2156	2287	2387	0.000120837139611
2157	1963	766	0.00153913812968
2158	1173	561	0.0398064959707
2159	1173	861	1.50838576407e-08
2160	643	861	1.40986028394e-06
2161	2243	2288	3.86960143444e-84
2162	263	2288	0.00692039674806
2163	140	2232	0.0
2164	1184	1501	0.000113126001289
2165	3023	1501	0.00280821359269
2166	1786	1401	1.69721127197e-11
2167	1588	2783	0.0056031636394
2168	1101	1110	0.0
2169	810	562	0.0140535091311
2170	524	562	1.34116035078e-10
2171	1811	562	0.0478808148148
2172	638	2601	0.00288035380596
2173	2929	50	0.00728775809215
2174	826	337	1.75228832744e-05
2175	2087	418	0.0101351351351
2176	2937	1165	0.0379320672093
2177	2937	1708	1.06482743362e-07
2178	2245	1708	1.94098980054e-27
2179	2939	347	3.17641307456e-08
2180	2939	83	0.00348026630525
2181	242	1562	0.0431934933239
2182	242	1820	0.0155189834237
2183	242	2569	2.08922923274e-06
2184	650	1441	0.00173215703103
2185	2379	1890	0.000874512432164
2186	42	2360	0.0302616708838
2187	2426	2429	0.0
2188	2730	1342	5.90416999209e-07
2189	1475	1342	4.39704755035e-06
2190	2730	1172	1.6301199208e-25
2191	2108	906	0.0478377539949
2192	2823	2523	2.05360643023e-09
2193	2989	2982	1.21596658259e-10
2194	2989	2911	1.1393812702e-11
2195	2265	2312	0.000999724993002
2196	962	371	7.01002691423e-09
2197	2851	1018	3.22911847106e-05
2198	1868	2140	0.000114256272276
2199	1868	1872	0.00402083880716
2200	362	363	0.0183186114457
2201	2699	2498	4.66340438352e-08
2202	2214	31	0.000969173189705
2203	1091	31	0.000180825663285
2204	2794	1046	0.00111139003825
2205	219	1862	0.0
2206	988	747	0.00566775010296
2207	854	2353	0.00147402486053
2208	1672	1567	0.000494730180901
2209	3008	1753	0.00982881594418
2210	17	2621	4.25286820545e-05
2211	154	1684	3.35790543585e-37
2212	2150	1547	1.80143654063e-09
2213	554	2852	0.000372484205146
2214	1933	1256	3.34296920194e-06
2215	1146	834	0.00370046126254
2216	798	844	3.24680425291e-16
2217	837	18	0.000198266440866
2218	718	898	0.000344868077125
2219	1358	1770	1.36981645294e-06
2220	915	1266	0.0336684731776
2221	221	1983	0.00330656362129
2222	694	688	4.03122460348e-05
2223	1752	1755	9.23293847698e-08
2224	2378	315	2.99962772111e-11
2225	2853	1261	9.30671580918e-05
2226	2065	2551	0.0378052901258
2227	689	2659	0.000319086948522
2228	2246	2659	0.00157164984466
2229	1652	124	0.00426499140193
2230	2607	1388	0.00542029631945
2231	55	1341	0.000987975192613
2232	2480	2869	0.00462431578383
2233	2558	2764	0.000515683214593
2234	943	944	0.0
2235	1248	404	0.0
2236	2326	491	0.00149977457299
2237	2871	2088	0.0419536425193
2238	2118	2069	0.00319022170174
2239	2537	172	0.0
2240	210	209	0.0
2241	1302	2731	0.0244996543552
2242	505	2011	0.0
2243	2662	1334	3.96305081339e-06
2244	2662	2750	0.000339597811759
2245	2662	1893	0.0054996081672
2246	627	626	0.0
2247	2230	589	0.000920068020546
2248	635	2181	0.0
2249	2709	525	1.54212801733e-12
2250	1495	912	0.000148619376139
2251	1424	360	0.000418837929752
2252	672	2872	0.0
2253	778	2585	2.3079020399e-05
2254	2289	1307	0.00620503025973
2255	2495	2377	0.0468220570881
2256	1772	2637	1.30400690233e-07
2257	1916	1360	0.0355971256348
2258	31	2398	1.99234179282e-06
2259	737	2398	5.30280967317e-18
2260	1171	2919	3.34761348288e-08
2261	87	88	3.48140181232e-05
2262	2143	2137	0.000340880050691
2263	1252	2512	8.11703077881e-06
2264	1252	2602	2.56517873308e-13
2265	722	2382	0.011155487357
2266	168	184	0.000150270738966
2267	276	2650	0.0
2268	3024	2951	5.18071549948e-05
2269	1950	706	9.67201025564e-06
2270	730	729	0.0368266240522
2271	691	2086	0.0428517190568
2272	2308	33	4.94527215501e-13
2273	820	807	0.000118839842821
2274	2792	807	5.73286265731e-05
2275	787	549	0.00385795821901
2276	473	993	4.06038677915e-08
2277	1465	2275	0.0414366589508
2278	350	2275	0.000276728760132
2279	1465	910	3.5573629628e-05
2280	2926	910	1.3802670196e-05
2281	1207	1774	0.0
2282	2142	384	0.000164661853882
2283	2142	1093	5.46324756386e-12
2284	1382	1216	1.55952243961e-05
2285	613	2530	0.00203109658364
2286	1906	2413	0.000391334438318
2287	2332	2331	9.91047448355e-07
2288	1205	1037	0.0480548222484
2289	1791	165	0.0
2290	1097	1927	5.24921082232e-11
2291	423	1927	6.56650776295e-25
2292	1097	423	0.0455811931972
2293	903	1343	0.000967619832662
2294	1200	2883	0.0106197687801
2295	185	929	0.0163300509696
2296	1682	1078	1.41586112038e-21
2297	610	1768	0.000150596815828
2298	653	1418	0.0
2299	2956	1195	0.00926722781859
2300	1723	1803	0.0
2301	1245	1803	9.00662527982e-06
2302	2525	1928	0.0111885841701
2303	1053	1056	0.0223547308371
2304	979	1525	0.0118456936218
2305	266	3007	0.000110876017589
2306	266	1428	0.0466297525319
2307	2051	2052	0.0
2308	1057	1282	6.99189469584e-11
2309	2210	2141	0.0270700670911
2310	2590	1546	0.0342060287623
2311	2747	2979	0.0351095445435
2312	385	1825	5.9359346693e-08
2313	1089	439	0.00554798956239
2314	1089	1068	0.00845525054918
2315	2411	2412	0.00421566396734
2316	399	2918	0.0179362541004
2317	1760	236	0.0332850290731
2318	1084	2043	0.0
2319	2305	2043	1.02818282314e-07
2320	2798	2017	0.003091127773
2321	2066	1536	0.022028362492
2322	1980	2964	0.0
2323	1802	2503	0.0
2324	770	1732	0.0017513875939
2325	918	1860	3.02180335757e-12
2326	659	662	0.0357780723499
2327	1861	1858	0.0320926496391
2328	147	1986	0.0
2329	1580	122	0.000858409705027
2330	813	2717	9.47503517395e-05
2331	258	545	0.0265548174574
2332	1572	3012	0.0
2333	2698	2837	1.09691070136e-13
2334	478	2578	1.10098122411e-08
2335	2524	1181	0.000291025429754
2336	1823	175	0.00337439067244
2337	2337	2368	0.000894666750151
2338	412	3022	0.0
2339	1895	427	0.00261096605744
2340	375	2162	0.0
2341	411	1250	0.0141825109397
2342	1813	1036	9.67651461631e-32
2343	1796	158	9.02872939277e-05
2344	1411	2639	0.0
2345	2100	228	0.00338701423866
2346	126	1129	0.00874751360605
2347	1845	965	0.000835581989927
2348	1275	965	4.88717405852e-06
2349	1845	1412	5.67255331037e-05
2350	1982	1981	5.67331007673e-09
2351	2263	2261	0.0
2352	2152	2338	0.0472261204171
2353	1183	64	0.0
2354	2477	1069	0.00971634345922
2355	1063	1905	1.25723645702e-05
2356	60	1126	2.2090000641e-06
2357	2969	1006	0.0057372138236
2358	936	267	0.0171669402605
2359	2799	2797	0.0
2360	3015	182	0.0310311120012
2361	2882	507	0.0
2362	1800	2725	3.15819492355e-11
2363	2303	2333	0.0208921513269
2364	164	318	0.000775173685817
2365	70	400	8.67878141647e-30
2366	1380	2089	7.35622092836e-12
2367	2047	2267	0.0278977272881
2368	2047	429	0.000154757121021
2369	1486	3026	0.0
2370	1932	897	5.92263744569e-30
2371	1169	1842	9.8553937821e-06
2372	1826	1842	0.000516337984457
2373	1292	2340	0.0
2374	2259	2643	3.0310346036e-10
2375	2688	283	0.0140226723458
2376	2007	1265	3.9564809566e-07
2377	1335	1336	2.28671480493e-108
2378	435	2847	3.04830563445e-06
2379	2832	2613	2.77895402954e-08
2380	1440	2808	5.37394970123e-05
2381	2903	949	0.0038555994781
2382	2859	2856	7.50465259068e-06
2383	1494	1762	0.0
2384	2596	2018	0.0034242651473
2385	1689	1694	3.35131370045e-15
2386	2822	2824	0.0210964408726
2387	905	2221	0.0319351828332
2388	2084	39	3.64971168973e-05
2389	2428	2821	1.00909737098e-08
2390	2096	2095	7.1595598939e-08
2391	1999	1099	0.00401632433262
2392	1614	1615	6.76630665753e-06
2393	1447	1162	0.00289747884322
2394	1674	591	0.0157382847038
2395	2346	1218	0.000103186998001
2396	2497	430	0.0246562351826
2397	1240	2577	4.71429448623e-05
2398	2081	2071	0.0213557412817
2399	2464	1737	9.24477870663e-48
2400	1227	716	0.0315983319989
2401	13	12	0.0
2402	3020	2976	0.0275876544
2403	1363	2222	0.02
2404	833	847	0.0
2405	1873	2685	0.0107254151118
2406	1180	1134	0.015391599288
2407	1096	9	4.16914876542e-23
2408	1585	723	0.0480761608667
2409	1585	1473	4.15928197771e-07
2410	2314	196	3.89440372938e-06
2411	2866	2125	0.00207045940128
2412	325	664	0.00996375573918
2413	1744	1048	0.0241557024991
2414	1866	1864	3.03021127644e-05
2415	1607	1605	0.00142815178003
2416	667	2820	0.00484638447902
2417	799	2820	0.00547863316768
2418	1479	805	1.38693731444e-11
2419	260	198	0.0182659185187
2420	2630	2409	0.0
2421	2543	132	2.37228336255e-07
2422	2543	2389	2.05038208659e-09
2423	1209	1208	1.41056867216e-07
2424	112	114	1.58683137154e-06
2425	1594	1591	0.0
2426	1854	513	5.12523196857e-05
2427	1942	2950	0.0268616003841
2428	1238	1109	0.0
2429	752	229	0.0363634709807
2430	2292	229	7.95077703636e-09
2431	2091	2090	0.00435164091091
2432	177	3011	0.0279488525463
2433	2771	1526	0.00167293004941
2434	1504	17	5.65142249348e-06
2435	2559	2561	0.00682810603843
2436	724	2491	0.0257587493409
2437	2447	2446	0.0
2438	2115	2114	1.09767581579e-14
2439	2949	399	0.0182223029206
2440	2420	2418	0.0
2441	1934	2565	0.0243165971014
2442	141	777	0.0240632903389
2443	2693	420	0.0338711668198
2444	970	973	1.24429902143e-10
2445	2932	973	0.0235045076136
2446	2478	1830	3.19786984897e-09
2447	1663	530	3.53311616985e-11
2448	2604	166	1.91438429637e-05
2449	922	732	0.0189096557951
2450	2063	332	8.7471211683e-12
2451	2099	2102	6.90846199439e-12
2452	2510	241	8.7325138492e-25
2453	802	1595	0.0413862457928
2454	1082	1726	1.53277056173e-08
2455	1975	2955	2.83106830847e-05
2456	1329	1658	0.0148772599769
2457	1329	504	0.00606532219906
2458	556	504	0.0102050644282
2459	2683	931	0.000445706424025
2460	873	392	0.00219134255806
2461	2648	2649	4.82515889597e-05
2462	1519	436	2.48678066836e-10
2463	27	2021	0.0
2464	2098	1846	0.0
2465	1013	101	0.0343932511356
2466	2968	2966	1.60904831544e-06
2467	520	1119	0.00398964313032
2468	2900	305	0.0111651049227
2469	2884	1489	0.00639759973537
2470	2681	555	0.0189525698541
2471	1839	1052	0.0261922129906
2472	1140	1141	0.000112135966847
2473	882	879	0.0
2474	286	1138	0.0275886860448
2475	100	1653	0.0487680609747
2476	348	1648	0.00794752773265
2477	1596	1581	0.0277591973244
2478	2452	2453	0.000152056176483
2479	1642	719	3.57219025644e-07
2480	1118	322	0.0360137309692
2481	2843	546	0.0305107279033
2482	2272	1666	0.0138177161038
2483	568	2975	0.00616449338093
2484	2355	2356	6.90330451005e-18
2485	1512	2627	0.0155994229507
2486	2839	1524	3.5492389066e-13
2487	225	857	0.0228586656197
2488	2752	857	5.84958385063e-05
2489	707	414	2.3972135665e-12
2490	1275	2809	6.26883020568e-12
2491	2019	1790	0.00292084519477
2492	932	933	8.97496308488e-10
2493	1941	2350	0.0421276686131
2494	2402	1379	7.30472639902e-222
2495	2402	152	2.16532466007e-17
2496	1299	1729	1.83827744076e-06
2497	1253	721	0.00806863487348
2498	1355	1805	1.64082700998e-07
2499	249	2566	1.97025002153e-07
2500	2961	2376	0.0296163667851
2501	1125	464	0.0
2502	1116	1638	2.19398676655e-05
2503	629	3006	5.06673206269e-27
2504	1177	1131	0.0348143608186
2505	1450	223	2.85080030525e-09
2506	2039	2282	4.18408373328e-07
2507	2292	919	1.3139858763e-15
2508	98	2588	0.00163773111282
2509	1051	1781	0.0
2510	596	595	8.83780472445e-11
2511	1640	2863	0.00237620511094
2512	2104	2013	0.00405514693403
2513	2211	2013	0.0171585920843
2514	537	395	0.00820323145169
2515	537	2661	1.88596736559e-08
2516	2369	960	0.000353778979435
2517	2892	2516	3.33123908964e-07
2518	2597	2990	0.00223536889127
2519	402	403	3.48520132583e-12
2520	380	343	0.00489795918367
2521	2904	1247	0.0476404520133
2522	1715	1717	4.30258081076e-06
2523	2029	605	3.01051220113e-06
2524	2889	2401	0.000321393743753
2525	2962	497	0.0330161603019
2526	1603	1405	8.90300897962e-17
2527	612	294	7.87001513216e-05
2528	1824	294	0.00677506287603
2529	1962	1810	0.0344470356306
2530	2343	197	2.85429934033e-218
2531	1592	1394	0.0244475146796
2532	2157	2206	3.33209482895e-05
2533	1154	2208	0.000266345452837
2534	1154	1268	7.93424783871e-06
2535	2598	1633	0.00536526561547
2536	710	757	0.000185544616273
2537	1946	2028	8.53441819349e-70
2538	2474	2309	9.79206832891e-12
2539	3001	2546	4.08632587163e-05
2540	1887	1886	0.0
2541	2669	2806	0.0
2542	2868	2062	4.36259925069e-05
2543	1610	1987	0.00579149496819
2544	2494	2493	0.0
2545	1448	393	8.61553068378e-12
2546	2612	1921	1.16298377966e-07
2547	862	690	6.32935832726e-126
2548	2374	1158	0.000690320266015
2549	51	2638	0.0
2550	2454	2451	0.0323328438876
2551	728	845	0.0
2552	2444	2257	0.000373750441122
2553	272	705	0.0222346357066
2554	792	1850	0.00228201930469
2555	792	767	8.63353694627e-131
2556	1014	2025	0.00662776355826
2557	1892	1923	0.00815590460833
2558	159	2840	0.0140566235841
2559	2432	278	3.2123707924e-08
2560	1416	633	0.00881262935567
2561	609	279	0.0117222778679
2562	2371	181	0.00116450618939
2563	477	2994	0.000411053803211
2564	117	1340	0.00600848345129
2565	128	127	0.0
2566	874	876	6.10145087962e-06
2567	1213	2442	0.0187205479735
2568	2117	1001	0.0164458149658
2569	1792	685	0.00172117039587
2570	2502	262	5.12920296489e-09
2571	324	1954	0.0145326476226
2572	2430	1456	0.0
2573	2113	742	2.61586987973e-07
2574	2568	179	0.0
2575	2006	102	0.00102077463062
2576	880	2490	0.00290772183404
2577	1328	1500	0.0124351782425
2578	1601	1924	0.0237617506528
2579	2351	1568	0.0
2580	2706	1383	5.71023995006e-08
2581	2576	1414	0.0
2582	238	992	0.0474448004815
2583	74	1767	0.00192808683189
2584	2615	2283	4.83728102672e-05
2585	445	2905	5.75321630904e-18
2586	1958	1010	2.53245357769e-15
2587	467	2250	0.00507306631693
2588	227	1007	0.00894103701131
2589	1123	459	0.000677794019006
2590	2034	2033	0.0237915091346
2591	2264	331	0.0234365736573
2592	14	32	0.0451357287255
2593	277	2101	8.7221091171e-06
2594	229	131	0.0252089945901
2595	329	328	0.0118622477781
2596	1137	65	0.00701509472711
2597	2515	673	1.43727644902e-10
2598	1903	155	0.00503025040344
2599	2227	1297	0.00869486411771
2600	1510	1812	0.0139429012754
2601	2318	1941	0.0295928966148
2602	2318	2748	2.05326591471e-07
2603	317	319	0.00587943607932
2604	2207	2363	0.0
2605	1199	1994	8.8430222025e-06
2606	2513	2970	0.0
2607	634	637	0.0
2608	625	1602	0.0126927573345
2609	590	592	0.0
2610	89	86	0.00019456652757
2611	1560	891	0.0239234449761
2612	2457	1553	0.00129210453697
2613	2247	142	0.0
2614	2176	885	0.00198069475648
2615	2485	2486	1.28624419243e-21
2616	2724	1997	0.0275309407884
2617	373	252	2.41512289607e-17
2618	2595	2611	1.06733206949e-14
2619	361	2203	0.0498742714698
2620	93	288	4.7325012451e-06
2621	1967	2054	0.000272514869743
2622	407	2686	0.016400811983
2623	1636	1598	0.00800463777589
2624	1667	2419	0.00118802120013
2625	789	2235	0.0
2626	485	2243	0.018058862273
2627	485	100	0.00742906683953
2628	1559	985	0.00011194960902
2629	2092	2091	1.41917327606e-06
2630	2295	2724	3.64682486645e-06
2631	1487	704	0.0
2632	1611	2462	0.0
2633	2811	2735	0.0087140607512
2634	333	243	0.00976288372668
2635	1042	2010	0.0
2636	2242	1947	0.0
2637	2986	2987	1.3209439682e-07
2638	170	84	0.00175490612802
2639	1779	669	0.0473010181488
2640	1277	1276	0.0
2641	1853	1851	6.58503154205e-15
2642	1482	2354	1.26319497654e-07
2643	2640	765	0.00667064359172
2644	2414	1409	6.31491243481e-13
2645	301	2053	2.24271537798e-20
2646	2531	232	0.0
2647	173	797	0.0180662078364
2648	1310	2058	0.031166695235
2649	1492	2674	0.0
2650	2083	2084	2.54205262219e-09
2651	1478	961	0.05
2652	1321	463	0.039347510652
2653	1734	1219	0.0004667952577
2654	2803	2718	6.18964614483e-23
2655	1187	2651	1.93342171708e-19
2656	2372	2370	0.0
2657	2391	2271	1.77464956302e-16
2658	1966	492	2.17435087079e-08
2659	2189	1382	2.89451825935e-12
2660	1426	1145	1.52709366497e-21
2661	2166	1863	0.0027788351732
2662	2456	390	0.0163307396933
2663	647	733	0.0
2664	2737	2253	1.48231262751e-07
2665	2389	698	0.00504925257122
2666	1204	2311	0.0151471662666
2667	764	1348	1.96058440319e-200
2668	1992	1630	1.45675819189e-05
2669	1992	2	0.000913931303555
2670	2678	2197	0.00262447657725
2671	735	1209	0.00574109434869
2672	1166	1616	0.00289392002126
2673	2742	250	0.0
2674	2893	2284	0.0467490418924
2675	2443	2499	0.005444646098
2676	1435	711	0.0
2677	346	493	2.50484165661e-17
2678	2325	1784	5.19014409323e-09
2679	2985	2124	0.00226750300226
2680	2696	2163	1.37061965138e-09
2681	2156	2161	3.42900845962e-08
2682	2198	615	6.32375830383e-06
2683	1617	2645	0.00866846378289
2684	1220	1889	0.0273862037779
2685	1968	668	6.57469590142e-10
2686	1897	1530	0.0
2687	2695	62	0.0
2688	364	1070	0.0015071067567
2689	2085	2202	0.036170382942
2690	1876	216	0.00022980014594
2691	2147	2148	0.0
2692	1214	1217	0.0
2693	542	543	0.0435755242819
2694	1563	2130	0.000360295442263
2695	806	734	4.58414238686e-24
2696	1002	1003	0.0
2697	2542	1498	6.1456521401e-05
2698	1684	534	1.13642849425e-59
2699	2909	2504	1.2352521994e-05
2700	462	2954	0.000172695250137
2701	1643	1642	0.0
2702	600	1929	0.0499303733448
2703	848	1389	0.000196151102236
2704	737	2942	1.9851884359e-07
2705	2676	2436	0.0107406735646
2706	997	865	0.000411178904798
2707	942	2789	2.28333703355e-06
2708	3002	352	2.5590321159e-18
2709	320	585	3.25565845624e-16
2710	1771	75	0.000559350996098
2711	58	1508	1.1257181673e-23
2712	1788	2324	4.30739806264e-15
2713	1645	750	6.8805583951e-05
2714	2190	344	2.34065888729e-10
2715	3014	697	0.00583176555062
2716	2231	115	0.0119549771585
2717	2035	639	0.019149579179
2718	2179	353	0.00082051659807
2719	1899	1015	0.0200895886206
2720	2334	2395	1.69519030026e-08
2721	1425	686	0.00741889521905
2722	1764	2329	0.0
2723	1901	2400	0.000152175092333
2724	2059	2060	4.29269467822e-10
2725	804	1364	0.000783794965285
2726	1814	2165	0.0153141665823
2727	1020	1038	0.0120967741935
2728	925	1175	0.0341575333426
2729	1804	1080	0.00749007756434
2730	889	2532	0.0
2731	2194	359	7.6106436656e-05
2732	397	490	0.00223034646799
2733	1396	495	0.00611818844982
2734	2948	527	1.6018742324e-38
2735	2358	178	0.0425582198287
2736	818	2722	6.54463786849e-29
2737	1269	1271	1.33258155754e-09
2738	316	314	0.00269008915884
2739	604	1891	0.0
2740	406	878	0.00336856753366
2741	1793	1817	1.43313803904e-20
2742	449	415	7.10671676867e-09
2743	2745	2204	4.08997803728e-12
2744	1775	1673	0.0
2745	5	1838	3.88888221049e-05
2746	1443	358	0.00107795535444
2747	1325	150	0.0
2748	171	2425	7.23516732845e-05
2749	1920	2677	0.000525130949566
2750	2229	1045	0.00628596233155
2751	2965	2306	0.0126350345459
2752	34	1202	2.83586787686e-14
2753	1943	1198	0.00215658267331
2754	2112	308	0.0145912273348
2755	2511	2541	1.47735736316e-20
2756	1444	1100	1.2786966485e-20
2757	226	2858	0.00364508430569
2758	374	2332	0.00291491249015
2759	1114	200	2.0530006817e-15
2760	1362	479	1.27105860051e-08
